U1	U2	U3	U4	U5	U6	U7	U8	U9	U10	U11	U12	U13	U14	U15	U16	U17	U18	U19
CENPK	-1.062609	-0.138258	-1.028268	-1.322502	-1.223512	-1.024263	-1.048846	-0.732755	-0.873146	-0.694605	-0.653344	-1.300645	0.31575	-1.230968	-1.140281	-1.329367	-1.162274	-1.321744	-1.304463
DTYMK	1.164127	1.801122	0.128536	-0.242666	-0.400852	1.540472	-0.700484	-0.190963	1.23596	-0.237929	0.03114	-0.542366	-0.312722	-0.297684	0.250292	-0.659034	-0.685005	-0.446464	-0.683219
RNGTT	-0.39655	-0.192156	-0.156524	-0.633376	1.307996	-0.03745	-0.481176	-0.483843	0.035656	-0.546348	3.10806	-0.658738	-0.675162	-0.676109	-0.577075	0.126834	-0.482508	-0.676633	0.938518
MRAP	-0.375377	-0.779443	0.183743	-0.580621	-0.612971	-0.839002	-0.127034	-0.852335	2.179227	-0.55963	-0.645339	0.086324	-0.776036	-0.671678	-0.675807	-0.836083	-0.572642	-0.404321	0.111757
AIRE	-0.285024	-0.116606	-0.263466	-0.131314	-0.288701	0.143592	0.212623	0.170932	0.084305	-0.023831	0.420115	-0.210417	0.204759	0.042365	-0.288067	-0.278718	-0.212088	0.269045	-0.27748
VAPA	-0.875006	-1.033751	-1.421192	-1.416525	-1.183735	-1.425395	-0.660845	-1.026765	-0.908246	-0.360604	-0.537326	-1.196333	-1.421008	-1.405078	-1.331873	-1.305277	-0.804174	1.463284	-1.224016
PARVG	-0.551284	-0.547483	-0.357876	-0.524549	-0.281736	0.335412	1.896208	2.509923	-0.295091	0.472899	-0.516845	-0.513442	-0.340836	0.35834	-0.364695	2.444467	1.566427	-0.190706	-0.46754
CAMLG	-0.772871	0.838964	-0.65417	2.050022	-0.754917	-0.27714	-0.35746	-0.747882	-0.773182	-0.716564	-0.342486	-0.781232	-0.772541	1.350703	-0.74978	-0.593042	-0.336275	-0.755293	-0.78505
SDSL	3.259633	1.00737	-0.61105	-0.191054	-0.89954	-1.028061	-0.858703	-0.255888	3.197399	0.358137	-0.836412	-0.331984	0.888962	-0.502332	-0.082298	-0.449661	-1.032785	-0.57603	-1.014262
UQCRH	-1.370546	-0.48348	-0.893522	1.217683	0.074272	-1.316006	-1.329137	-1.324842	-0.601588	0.210801	-1.392113	-1.387117	-0.287808	0.566311	-0.798923	-1.318164	-1.339419	0.429342	-1.392321
SUOX	-0.116438	-0.823346	0.389348	-0.823091	-0.833465	-0.054138	-0.82583	-0.833005	-0.833638	-0.791084	-0.826256	-0.794851	0.256398	-0.698509	-0.621942	-0.737077	-0.481644	-0.283747	0.70628
PARC	-0.741269	0.578206	-0.02679	-0.559533	-0.938227	0.485632	-0.456088	-0.97548	-0.791631	-0.423339	-0.894123	-0.916934	-0.966263	-0.953483	-0.962574	0.923481	-0.883017	0.047976	-0.973025
STOM	-0.651567	-1.317281	-0.503998	-0.572462	-0.988108	-1.233974	-0.834921	-1.172459	1.68899	0.247001	0.353638	0.035545	-1.275	5.662346	-0.381826	-1.219361	-1.332129	-1.332051	-1.304545
ASMTL	-0.836345	-0.404056	-0.600342	-0.697078	0.46938	0.020515	-0.863179	-0.831531	0.100378	0.270567	0.086643	-0.765988	-0.749038	-0.838155	-0.798551	1.270532	-0.856876	-0.861234	-0.526061
PRTG	-0.670126	-0.486461	-0.489892	-0.655137	-0.605086	-0.623432	-0.589334	-0.482887	0.850568	-0.596845	0.195235	-0.680337	-0.688376	-0.427946	-0.684237	-0.526216	-0.569078	-0.685832	0.044094
SELT	-0.455397	-1.461958	-0.799931	-1.430984	-1.28615	-0.977132	-1.474752	-1.140518	-1.493192	-0.320584	-1.488018	-1.147582	-1.074153	-1.43682	-0.900399	-1.438108	-0.589553	1.494134	-1.386938
RLF	-0.397857	-0.37022	-0.344694	-0.053214	1.098872	-0.271412	0.727614	-0.209901	0.670498	0.581029	0.554601	-0.156826	-0.411436	-0.080488	1.30412	0.602104	-0.249137	0.192234	-0.407877
TMPIT	-0.368737	-0.280838	-0.049049	1.39107	0.296423	0.584937	-0.191786	-0.340291	0.500748	0.461671	0.201703	-0.4099	-0.34735	2.167999	1.459327	0.063036	-0.34502	-0.253877	0.303272
NARFL	-0.488456	-0.797331	0.727429	-0.701361	-0.04098	-0.814728	-0.79425	0.446732	0.129215	-0.279311	0.260828	-0.399028	0.728164	-0.509344	-0.10332	-0.638654	0.055721	-0.816378	1.404009
SYNPO	-0.598778	-0.6401	0.532602	1.442911	1.559302	-0.565194	0.671999	-0.552392	-0.585542	0.875706	0.04948	0.710425	1.717145	-0.211205	0.518259	0.22685	-0.640779	-0.495353	-0.208415
OPCML	-0.811938	0.766142	-0.833719	-0.786488	-0.22182	3.621111	-0.519097	-0.663579	0.026424	1.068114	0.221003	-0.78538	-0.623854	-0.635213	-0.652164	-0.828586	-0.778864	-0.565801	-0.72529
NFYB	-0.642116	-0.873263	-0.878501	-0.326195	-0.952498	-0.274717	-0.89715	-0.979347	-0.879811	-0.911428	1.293663	-0.975358	-0.954905	1.860772	-0.311682	-0.14591	-0.846888	-0.893932	-0.838511
FUK	-1.2973	-1.0035	-0.552633	-0.200622	-1.289279	-1.312018	-0.287652	-1.127862	-1.269691	-1.225	0.02934	-0.918039	-1.314656	5.489634	-1.184693	-0.60938	-1.148443	-1.033067	-0.15002
VPRBP	-0.330537	-0.296048	0.282948	-0.069007	-0.356123	-0.220425	-0.147211	0.273682	-0.336299	-0.334529	-0.348128	0.070483	-0.341018	-0.119049	-0.328404	-0.22228	-0.330223	0.03583	0.301571
CRIPT	-1.697369	-1.246245	-1.678046	-1.043328	-1.543359	-1.581286	-1.342764	0.156227	-1.152671	-1.687415	-1.297867	-0.950669	-1.651219	-1.167898	-0.509145	-1.687774	-1.542881	-1.118095	-1.444127
DMPK	-0.601827	4.635836	0.942798	1.08041	-0.669083	3.84547	-0.265977	-0.691037	-0.692412	-0.657699	-0.433321	-0.608927	-0.62567	-0.099493	-0.457614	-0.644897	-0.654471	-0.406893	-0.617444
TEPP	-0.543052	-0.228907	-0.156277	-0.477846	-0.368488	0.918622	-0.448801	-0.460507	0.136482	-0.564393	-0.565044	0.208801	0.111191	-0.468331	0.171442	-0.518578	-0.540529	-0.361266	-0.527289
NPW	-0.735671	-0.600626	-0.736037	-0.70132	-0.419712	-0.296933	-0.682473	-0.26817	-0.736003	-0.732156	-0.65162	-0.356912	-0.574955	-0.551729	4.332611	-0.557309	-0.197742	0.530623	-0.264192
GCGR	1.599996	0.844519	0.413559	0.382872	-0.657953	-0.005234	-0.703678	-0.708072	0.289535	-0.709623	-0.441615	-0.130148	-0.544914	0.539675	0.20435	-0.707432	-0.639653	0.702701	-0.561922
PPAN	-0.954058	-0.953489	0.380314	-0.833006	-0.924999	0.417321	-0.958586	2.609105	0.057529	-0.961804	-0.89426	1.523698	-0.955329	-0.718305	4.598112	-0.815884	-0.904407	-0.955674	0.229946
PNOC	-0.761911	-0.39783	-0.764944	0.430707	-0.644434	-0.456624	-0.799734	-0.809363	1.077305	1.328085	-0.677726	-0.556923	-0.731819	-0.23223	-0.756555	3.726217	-0.434765	-0.268167	-0.405457
SUFU	-0.25792	-0.933514	-0.351991	-0.676198	0.098063	-0.025779	-1.003654	1.998188	2.212525	0.08072	-0.036054	-0.404416	-1.056762	0.89312	0.084565	3.666488	-1.013743	-0.091953	-0.651321
TMLHE	0.167686	-0.24025	-0.714548	-0.069942	-0.467944	-0.67078	-0.634303	-0.162871	0.976571	-0.605124	1.213773	-0.377494	0.212112	0.472374	-0.299081	-0.311484	-0.446566	-0.400348	-0.657828
GLRX	0.246315	-0.424238	-0.031481	0.08076	0.847163	0.602397	-0.409899	-0.429255	-0.064755	-0.281849	-0.0886	-0.371308	-0.415831	-0.06083	0.778176	0.540799	0.590611	-0.464347	-0.409243
CNIH	-2.118573	-1.718601	-1.509675	-2.196477	-2.046997	4.951595	-2.187589	-2.2016	-1.270742	-1.75687	-2.020386	-1.609277	-2.124944	-1.051986	-2.134375	-1.635218	-2.20577	1.011499	-1.367489
MUTYH	-0.769071	-0.332204	-0.178473	-0.434277	0.521089	-0.277484	-0.474112	-0.289584	-1.000763	6.85527	-0.867531	-0.562443	0.441494	1.395537	1.4823	-0.964915	-0.86741	1.865344	0.19247
ALPI	-0.804936	-0.58042	-0.483365	-0.226511	2.17207	-0.790133	-0.736386	-0.026076	-0.798102	1.281089	-0.803499	-0.506773	2.373273	0.057908	-0.375116	-0.734125	1.055093	0.252834	-0.739447
CIDEB	-0.647781	-0.250582	0.255342	-0.408358	-0.627859	-0.575113	-0.173072	-0.615105	0.253762	-0.639314	1.894067	-0.677059	-0.564179	-0.626127	0.134817	-0.665477	0.524489	-0.391465	-0.42412
APOB	-0.688142	-0.682091	0.242637	1.871686	-0.544883	-0.754205	-0.851523	-0.851347	-0.794188	-0.597862	-0.232981	-0.387503	-0.617584	3.52398	2.091823	-0.054196	-0.543085	1.199476	-0.827
CTCFL	-0.159127	2.781156	-0.923662	-0.975708	2.366137	0.83051	0.197114	-0.969493	-0.321384	-0.957217	-0.075248	0.92142	-0.054147	4.975813	-0.432759	-0.57129	2.253598	-0.509658	-0.998345
HBEGF	-2.286642	-2.239868	-2.175047	-1.323828	-2.358575	-1.11677	-1.870476	-2.42242	0.374954	-1.997981	-2.340479	-2.438998	-2.300319	-1.777372	-2.385172	-2.448101	-2.218113	-2.403785	-2.364949
ZYX	1.163083	-0.823826	-0.864679	-0.287708	-0.867846	-0.667531	-0.389141	-0.853267	0.141876	-0.010749	-0.669726	-0.835313	0.521117	-0.771006	-0.862534	-0.865348	-0.80212	-0.866278	-0.256367
AICDA	-0.291043	0.56335	-0.719903	-0.64333	-0.256883	0.40205	-0.717568	-0.684945	-0.445789	-0.505221	0.068034	-0.317497	0.513614	-0.512328	-0.436493	0.527534	1.751195	0.621852	-0.728425
LHB	-0.563292	0.319134	-0.729297	0.543201	0.176466	-0.835774	1.465893	-0.685683	-0.704223	0.06056	-0.41854	2.82095	-0.793668	7.061572	0.068845	1.257282	-0.690612	-0.723005	0.269361
NFRKB	-0.805352	-0.835236	0.179314	-0.707295	0.09629	-0.338285	-0.740268	-0.844973	0.538433	1.487189	-0.231219	0.62469	-0.442716	1.116515	-0.514345	-0.768842	-0.824674	-0.753391	0.104333
DST	0.092351	-0.24768	-0.812867	4.819708	-0.888139	-0.630649	-0.905282	-0.784386	1.847364	-0.541383	0.30893	5.097321	-0.443402	-0.431203	-0.9161	-0.945563	-0.723215	0.27827	0.239278
SMOX	-1.590966	-1.587673	-1.630627	0.289374	-0.989617	-1.641716	-1.282411	-1.506214	-1.282898	4.053803	-1.530921	-0.70458	-1.60579	0.592018	-0.948351	-1.425992	-1.598175	-1.222335	-1.270885
MTDH	-0.174655	-0.405526	-0.868534	-0.948937	-0.822804	-0.781497	-0.931043	0.156223	0.100231	0.433812	-0.948939	-0.792537	0.083549	-0.162217	-0.58251	-0.647878	-0.798746	1.543262	-0.956978
PML	9.015318	-0.343664	2.234895	-0.475093	-0.447561	-0.28099	-0.326894	-0.406918	0.553732	-0.44389	-0.044615	2.488726	-0.168533	-0.469085	0.600988	1.029465	-0.142245	-0.488937	0.529641
SDCBP	-1.08592	0.339484	-0.920374	-1.183576	-1.214275	-1.214733	-1.029173	-1.113431	1.070814	-1.109925	-0.997473	-1.116006	-0.56964	0.6565	-1.112305	-1.040194	-1.067672	-1.21319	-1.048697
NPPB	-0.188079	-0.295778	-0.285841	0.058459	-0.021671	-0.155184	-0.210316	0.995217	0.783984	-0.287701	-0.147502	-0.295794	1.194378	-0.137066	0.01004	-0.257411	-0.13016	0.31124	0.570588
UCN	-0.432915	0.231362	9.800301	0.115651	-0.589662	-0.528172	-0.395764	-0.364895	3.36264	-0.601201	0.8155	-0.136866	-0.5871	1.008954	-0.600722	1.611386	-0.443517	-0.181288	-0.476195
PTPRB	0.56633	-0.657201	-0.653517	0.480578	-0.231021	-0.129741	-0.075533	0.742473	0.265057	0.558592	4.249093	2.739682	-0.131747	0.200678	0.987204	1.636314	-0.60345	-0.666907	-0.630078
DFFB	-0.190775	0.696834	-0.186807	1.239333	-0.28126	-0.615426	-0.567769	0.559302	-0.563283	-0.467035	-0.680698	-0.620835	-0.571571	0.126365	0.148319	-0.643733	-0.677049	-0.568722	-0.53111
GAST	-0.752739	0.82772	-0.832574	1.621225	-0.686013	-0.784278	-0.409608	-0.745364	-0.498166	-0.609065	0.043871	-0.035505	-0.09858	-0.632274	-0.740388	-0.422653	-0.038779	-0.636578	-0.861042
RELN	0.241984	-0.303169	0.14093	-0.420455	-0.319594	-0.209321	-0.155354	-0.427568	0.133477	-0.219515	-0.440961	-0.303583	-0.437972	0.62881	-0.423798	-0.390348	0.037903	-0.339846	-0.372905
ARVCF	1.017031	-0.785269	1.142684	-0.785618	0.268835	4.830825	-0.506167	-0.26849	-0.71476	-0.712215	1.855565	0.840854	0.168142	-0.12016	0.620837	-0.759275	-0.079666	0.266895	-0.355034
NMBR	10.714154	-0.074029	-0.38028	-0.111998	-0.478557	-0.386098	-0.269297	-0.074246	-0.402517	0.967668	-0.455915	-0.519332	0.458278	23.784616	-0.497355	-0.469705	-0.541382	3.051203	-0.114963
MME	7.49776	-0.847342	-0.259426	-1.32652	-1.28267	-1.307098	4.589364	-1.16913	-1.327593	-0.131971	-0.963057	-0.648607	-0.948145	-1.279599	-1.320201	-1.042335	-1.2968	2.163947	-0.733868
UNG	-1.106075	-1.182559	-0.422109	-1.2933	-1.251609	-0.955737	-0.661374	-1.265154	-0.104838	-1.194541	-0.800984	-1.290785	-1.2184	-0.859497	-1.26378	-0.936077	-1.172986	-1.295426	-1.219392
APRIN	0.226335	-0.966531	-0.947295	-1.223933	-1.509162	-0.506299	-1.290473	0.315616	-1.136098	-0.781729	-1.298766	-1.539275	-0.760376	-1.53687	-1.538743	-1.530005	-1.447865	-0.887868	-1.257134
NOTUM	-0.26735	1.656134	-0.418929	2.082927	-0.376886	1.015252	-0.602169	-0.615568	-0.55116	-0.181461	0.937247	-0.545423	0.438363	0.472457	3.274344	-0.369356	0.84852	0.066809	-0.195534
AGT	1.116964	-0.590449	-0.091862	-0.029634	-0.678623	-0.634355	-0.490444	-0.677352	-0.592298	3.817366	-0.657769	-0.407741	-0.660862	1.46143	-0.513983	4.99148	-0.678526	-0.508495	0.937906
JRKL	-0.590184	-0.929341	-0.939	-0.933324	-0.558491	-0.872866	-0.981238	-0.976893	-0.882353	-0.870105	0.07978	2.216404	-0.746333	0.142656	3.833381	-0.944928	-0.837035	-0.006628	-0.850128
CDSN	-1.245717	-0.797552	-0.960812	-1.192552	-1.149888	3.063036	-0.542956	-0.959122	-1.196559	1.699224	-1.275627	-1.306667	-1.014393	-1.141168	-0.505043	-1.306272	-1.193816	-0.917179	-1.308091
FGR	-0.601949	1.106293	0.730468	-0.574349	-0.30078	0.130162	-0.67323	-0.653658	-0.327391	5.504715	-0.374602	0.775188	-0.595045	0.614771	-0.390329	2.038585	-0.611321	-0.080566	-0.650988
CRH	-0.919965	6.580458	-0.60879	-0.595613	-0.821872	-0.842642	-0.896857	-0.91959	-0.819176	-0.782926	3.601423	0.350935	1.000327	3.334194	1.087682	-0.845542	0.217496	-0.869995	-0.750466
CDIPT	-0.073198	-0.669345	-0.988606	-1.088694	-0.925047	-1.097619	-1.121443	-1.122358	-0.76075	-1.1216	-1.06136	-0.947773	-1.014943	-1.039607	-0.645557	-0.698719	-1.106109	-0.949994	-0.679913
WASPIP	0.237753	0.077388	-1.107142	-0.862876	0.620449	-1.110835	-0.644894	-0.144141	-0.546739	-0.827933	-0.639703	-0.842888	0.060408	-0.208785	-0.728607	-1.110916	-0.989568	-0.995899	-0.96914
VARS	-1.551698	-1.199417	-0.663648	-0.492969	-1.492264	1.878448	-0.769923	-1.541537	-1.359021	-1.118452	-1.737817	-1.432505	-1.600587	1.235507	-1.511305	-1.131255	-1.49099	-1.615825	-1.74428
SPAR	-0.417366	-0.602148	3.052601	-0.030914	-0.575896	3.121617	4.433985	-0.591455	-0.396934	0.812351	0.271884	-0.12516	-0.595166	0.892899	-0.599547	-0.565146	-0.036042	0.623798	-0.431823
SAFB	-0.125923	-0.537279	-0.362762	-0.10866	0.88697	-0.13654	1.389175	-0.452934	0.861045	0.480181	0.907725	-0.235467	-0.17592	1.715331	-0.130391	-0.565182	-0.127598	0.027815	0.076071
JUN	-1.396105	-0.803024	-0.617603	-1.462167	-1.356966	-0.691179	-1.445203	-0.810293	-1.165682	-1.320894	-1.091891	-0.11416	-1.444109	-1.286581	-1.403557	-1.285878	-1.44724	0.77135	-1.352439
IQCC	-0.09025	-0.737086	-0.709056	-0.231343	-0.664241	-0.630382	-0.082869	-0.74074	-0.171009	0.044286	0.722906	2.794889	-0.112245	-0.746331	0.464044	-0.601712	1.147166	0.549976	-0.20837
RHCE	-0.695321	-0.818503	-0.353263	-0.745991	-0.615382	2.195986	0.571141	-0.256274	-0.194404	4.314326	-0.451226	-0.783918	3.320085	-0.82055	-0.51334	1.938399	-0.806479	-0.730384	-0.39187
FCAR	-0.785823	-0.767788	-0.721372	3.263429	-0.606771	4.398499	-0.708308	-0.390513	-0.668558	-0.059712	0.116281	0.395707	-0.709399	0.111147	-0.763678	-0.705114	-0.271824	-0.731055	-0.770428
BCAN	-0.514685	-0.453073	-0.501517	0.023107	-0.504494	0.442661	-0.335853	0.322779	-0.461775	-0.435802	-0.329713	-0.502866	0.14045	1.324347	2.337311	-0.507478	-0.485051	1.780822	0.015305
CNTF	-0.297882	-0.250687	-0.400048	0.769777	-0.252701	7.45351	0.775831	0.695626	0.157266	1.248364	-0.538252	-0.319832	0.197049	-0.53951	0.106954	-0.572767	0.160617	-0.566029	-0.035798
DLD	-1.408223	-1.413237	0.612475	-1.378147	-0.710364	-1.230321	0.487995	-1.378826	-1.360431	-1.289039	-0.169398	-1.417411	-1.085959	-1.223418	0.078151	-1.310085	-0.874083	-1.319388	-1.381698
JMY	-1.903785	0.167494	-2.032716	0.257089	-1.959378	-1.498358	-1.484032	-1.884048	-1.78534	-2.022048	-1.21065	0.961806	0.258134	-1.932532	0.481996	-1.749106	-1.924949	-1.964843	-1.792298
ITPKA	-0.33784	-0.212588	-0.050637	-0.309506	-0.175898	-0.311529	-0.286391	-0.350155	-0.30672	0.878121	7.210301	-0.347944	-0.173879	-0.340865	0.131238	-0.253408	-0.351442	-0.351339	0.087794
TXN	-1.739635	-1.742973	-1.010284	-1.390282	-1.399674	-1.26311	-1.223818	-1.742497	-1.091053	-1.555469	-0.444255	-0.905646	-1.514934	-1.309944	-0.522357	-1.742406	-1.742363	-1.573663	-0.964055
AQR	0.206017	-0.686699	-0.659496	-0.686241	-0.481508	0.730513	-0.24464	0.764377	-0.56111	-0.361768	-0.525163	-0.29408	-0.394339	-0.56558	1.599687	-0.640483	-0.665369	-0.019986	-0.616515
OSTBETA	-0.392809	-0.655604	-0.691414	-0.701182	-0.71015	-0.674067	-0.679435	-0.700372	0.007992	-0.548353	-0.710206	-0.613634	-0.325214	-0.673125	-0.102707	-0.42848	-0.705209	-0.419552	-0.706228
CTBS	-0.818866	-0.798662	-0.553013	0.516307	-0.606653	-0.779805	-0.803513	-0.783771	-0.745501	-0.749834	-0.267493	1.481242	-0.822256	-0.817374	-0.82291	-0.478955	-0.814045	1.255167	-0.292306
MLXIPL	-0.714225	5.69643	-0.740492	-0.809831	-0.886914	-0.382496	-0.511567	-0.722989	0.316308	-0.430528	0.394501	2.636663	0.247594	1.350201	1.459607	1.044348	2.036693	-0.879592	-0.557277
MLX	0.293664	0.182825	-0.100083	-0.456455	-0.579639	-0.575158	-0.586078	-0.517179	0.249001	-0.576274	2.875986	2.833019	-0.504345	1.886107	-0.477494	-0.454014	-0.523929	0.157204	-0.53848
CS	-0.366063	-0.705666	-0.527845	0.370306	-0.718132	2.246109	-0.714873	-0.387463	-0.023432	-0.452301	0.037968	-0.728268	-0.540299	-0.743343	-0.50015	0.27883	0.45221	-0.098499	-0.241684
COBL	-0.289346	-0.98586	-0.976196	-0.470912	-0.967333	-0.959715	-0.695256	-0.865938	0.746104	-0.988901	2.566957	-0.777902	-0.963239	0.578732	-0.973775	-0.907854	-0.018183	-0.991068	-0.546225
ZPBP	-0.447077	-0.767728	-0.416589	-0.472654	-0.462791	-0.186456	-0.151107	-0.533566	1.041227	0.728423	-0.476992	-0.74538	-0.773133	-0.478536	1.083099	-0.318553	-0.717788	-0.263045	-0.469838
ICMT	-0.36546	-0.447466	-1.044169	-0.422332	-1.004553	-0.584929	0.300454	0.196609	-1.115019	-1.10764	-0.690251	-0.914022	-1.143476	-0.861072	-0.773614	-0.069297	-0.945151	-1.080862	-0.797982
LFNG	-0.819555	-1.398564	-0.852328	-0.039721	4.027885	-1.343937	-0.576916	-1.253956	-1.362834	-1.405623	-1.193724	-1.191777	-0.223696	-1.413077	-1.153715	-1.411074	1.638323	-0.878433	-0.372879
BMPER	-0.730482	-0.747206	-0.33435	0.03369	-0.651703	1.034755	2.876577	-0.642889	-0.431761	-0.345569	-0.707975	-0.746104	0.31259	-0.426476	-0.641329	-0.351741	-0.74425	-0.693401	-0.134397
PTGFRN	-1.678183	-1.546742	-1.148623	-1.339856	-1.523657	-1.515683	-1.67771	-1.642745	0.485117	-1.044578	-1.665699	-1.675914	-1.515605	-1.325464	-1.333589	-0.327749	-1.587058	0.478142	-1.194886
NCALD	0.216641	-0.392015	-0.598031	-0.248752	0.666463	0.098727	-0.670986	-0.647671	-0.588224	4.917209	0.245025	0.127047	-0.6662	-0.63525	0.211429	-0.44996	-0.357123	-0.552206	0.560247
TPPP	-1.580027	-0.996043	-1.494681	2.257251	-1.562143	-1.035514	-0.587261	-1.558278	-1.006677	-0.774864	-1.422241	-0.568009	-1.347738	-1.187737	0.44468	-1.558154	1.718436	-1.515293	-1.58026
HNRPAB	-1.725234	0.536646	0.385681	0.44116	-1.508279	-1.755714	-1.747475	-1.099356	-0.067439	-1.697444	-0.798263	-1.815886	-1.859638	-1.791284	-1.500161	-1.820241	-1.86605	-1.180652	-1.303846
FAS	-0.415685	-0.824091	-0.843914	-1.033534	-1.267066	-1.011864	-1.162046	-1.209311	-1.011233	-1.198049	-0.965591	-0.994916	-1.2711	0.133861	-1.195796	-1.064762	-1.268342	0.213422	-1.18472
MARCKS	-1.21797	0.15918	-1.340219	-1.280507	-1.348105	-0.860599	1.198333	-1.358311	-1.344466	-0.98925	-0.351527	-1.359439	-1.342104	0.006716	-0.914261	-1.106792	-0.559452	-0.23844	-1.266143
UBC	-2.128587	2.470363	-2.115403	-0.925094	-2.084044	-1.150028	-0.227401	-1.966132	-0.698616	-1.299168	-0.306061	0.376059	-2.050698	-0.904224	0.912197	-1.8733	-1.792282	-0.185137	-1.983405
UCRC	-1.199936	-0.87693	-1.048876	-1.008303	-1.033715	-1.013729	-1.13922	-0.089268	0.695825	-1.169718	-0.519679	-1.162895	0.343881	-0.994061	-0.076356	-1.071646	-0.882324	-1.140552	-0.952441
HARS	1.048693	-0.380082	-0.737114	-0.637418	-0.707836	-0.38114	-0.758994	-0.827201	-0.711785	-0.946687	1.446472	-0.923483	-0.413672	0.13141	-0.610034	-0.777172	-0.200675	-0.922884	-0.759866
RDX	-1.021829	-1.238708	-1.17394	-1.268599	-1.23767	-0.60303	-1.205869	-0.371907	-1.026765	-1.228114	-1.172739	-1.17286	-0.914116	-0.770686	-1.288159	-1.182948	-1.282017	-0.025047	-1.290861
PIGM	-0.057084	-0.79928	-0.816511	0.231151	-0.755649	0.1507	-0.593847	-0.732014	-0.661562	-0.676085	-0.7276	-0.658571	0.477894	-0.594395	-0.646128	-0.176059	-0.745189	2.702992	-0.804152
STRC	-0.452752	-0.638775	0.293512	2.691805	-0.56277	-0.505953	-0.630061	-0.641209	-0.105175	0.103621	1.256528	4.687233	0.16275	-0.153288	0.910956	10.039455	-0.525261	-0.64415	-0.505914
ASCIZ	-1.049007	-1.143285	-0.893805	-0.867826	-0.562929	0.683658	-0.959501	-0.929676	3.000841	-1.123859	-1.13275	0.542526	-1.096055	-0.843858	-0.998968	-1.033084	-1.050118	-1.133608	-0.50337
AVP	-0.552271	-0.217089	-0.624312	-0.650843	-0.652548	-0.23514	-0.450645	-0.627216	-0.351599	0.347514	-0.18187	1.07621	3.708443	2.094396	-0.533609	1.249809	-0.480695	-0.639195	0.792054
NBN	-1.478531	-1.200146	-1.480046	0.419266	-1.51222	-1.518627	-1.449939	-1.142905	-1.520029	0.004614	-1.176272	-1.133449	-0.777715	-1.443893	-1.386537	-1.455891	-1.482257	-1.227285	-1.505437
ACLY	-0.917449	0.31325	-0.979139	2.089267	0.079322	0.203413	1.218327	-1.081975	3.399888	-0.694386	3.391064	3.023747	-0.211512	4.19813	4.477651	-1.040259	-1.051798	-0.765173	-0.828901
TRIO	-0.552118	-0.130172	0.077937	-0.214524	0.288279	0.215287	-0.442806	-0.526664	-0.382915	-0.345886	-0.276723	-0.270355	-0.186255	0.380992	-0.548418	0.168974	-0.17197	0.655841	-0.297607
PTPRM	-0.668141	-0.689521	1.886122	-0.585749	-0.624024	0.219559	-0.610377	-0.690061	-0.615906	0.678031	1.661841	0.420142	-0.502609	1.464493	-0.219641	-0.663276	-0.073404	-0.470768	-0.687193
PILRA	-0.599363	-0.694517	-0.644121	1.450842	-0.266075	-0.118464	-0.503549	-0.881825	4.223343	-0.799576	-0.664541	0.269214	-0.290339	-0.871578	-0.800477	-0.226029	-0.401797	-0.664885	-0.829402
HCCS	-0.079185	0.312682	-0.807931	-0.758921	-0.435358	0.519538	-0.674626	-0.731763	2.898225	-0.38894	-0.795543	-0.300829	1.032888	-0.452845	1.233853	-0.735111	-0.621532	-0.104974	-0.782716
OTOR	1.275962	0.194275	-0.54531	-0.387407	2.01756	-0.174693	-0.203236	-0.665283	1.615038	5.511383	0.087884	0.583826	-0.409699	-0.669995	0.227735	-0.215654	-0.683277	1.683439	1.555026
CHDH	-0.878925	-0.784158	-0.978148	-0.323136	-0.961929	4.223725	2.244926	-0.045141	0.58888	-0.981282	-0.030774	0.026774	-0.839941	1.301577	-0.32119	-0.790498	-0.671226	-0.698242	0.064167
CHRNG	-0.37649	1.32606	-0.406291	-0.386132	-0.471836	-0.577271	-0.733411	-0.803588	-0.809708	-0.466827	-0.372936	-0.766207	-0.485037	4.340331	1.923973	-0.759602	-0.772072	-0.597882	-0.782323
AATF	1.898528	-1.090522	-0.933355	0.117777	-1.089542	0.068748	-0.893187	-0.587366	-0.911557	-0.990365	-0.492179	3.568362	-0.763477	-0.312049	0.159713	-0.801572	-1.098414	-0.435439	-0.034164
HEXB	-0.898528	-0.305626	-0.963648	-0.968688	-0.964786	0.397843	-0.925221	-0.97292	0.267263	-0.730747	-0.518426	-0.050447	-0.288107	-0.936359	-0.879011	-0.956866	0.028575	0.413412	-0.897459
WWOX	0.536213	-0.229039	-0.21312	-0.088202	-0.101413	1.535568	0.753243	-0.230002	-0.210772	-0.186629	0.73746	-0.270925	-0.082068	0.50194	-0.232254	-0.275522	-0.27787	1.855708	-0.163153
NNT	0.025763	-0.7295	-0.696422	-0.706326	-0.73145	0.533818	-0.509744	-0.506644	-0.734371	-0.627453	-0.076873	-0.728278	-0.238857	-0.536533	0.300102	-0.427674	-0.620627	-0.489046	-0.169722
AVEN	0.387142	-0.957982	-1.136136	-0.975771	-1.132467	-0.59011	1.189856	-0.841085	-0.835698	0.757236	-0.720935	-0.983357	-1.136084	-0.846689	-0.074008	-0.422674	-0.740168	-0.857365	-1.079425
PAPOLG	-0.256904	-0.367206	-0.356124	-0.357336	-0.096163	1.134359	-0.362661	0.03358	-0.301457	0.737957	7.45768	-0.348528	3.326782	-0.298591	2.248408	-0.370992	-0.368275	0.320404	-0.369255
HRASLS	-0.750597	1.564398	-0.92149	-0.468486	-0.738547	3.736229	-0.943239	-0.623944	-0.944514	0.454497	0.04012	4.104884	-0.921252	3.96764	6.903495	-0.451654	-0.403801	-0.799447	-0.91589
PAPPA	-0.101928	-0.452388	0.412904	0.001244	-0.084974	-0.499082	0.865798	-0.531789	-0.287882	-0.136961	-0.258149	0.27357	-0.109249	0.751341	-0.352049	-0.494255	1.078742	-0.438508	-0.522666
ABR	1.541418	0.020356	-0.177018	-0.74899	-0.804235	0.081162	-0.782719	-0.521691	-0.73469	0.864124	0.780272	-0.807017	0.4361	0.805366	-0.800953	-0.557843	-0.620356	0.22405	-0.114833
SQLE	-1.685973	-0.168232	-1.618112	-1.075446	-1.402621	-0.874294	-0.604633	-1.616132	0.102667	-0.522882	-0.252669	1.264515	-1.584046	-0.879043	-0.632026	-1.637871	-1.683899	-0.141685	-1.060094
LYZ	-0.498564	-0.143517	0.390684	-0.423123	0.332063	1.194664	-0.368149	0.119084	-0.048456	1.552441	-0.415948	1.297202	-0.512005	0.159294	-0.534527	-0.361036	-0.535806	-0.509808	0.182625
EDNRB	-0.229225	-0.390605	-0.287998	0.250839	-0.39066	-0.226528	0.299416	-0.277639	-0.219955	-0.19831	-0.346382	-0.407957	0.600735	1.159501	-0.38591	0.101113	-0.363921	-0.389045	-0.392018
HUNK	-0.248335	-0.414565	-0.805377	-0.78088	-0.597399	-0.762569	-0.542133	-0.576074	0.558705	0.32916	-0.403285	-0.416093	-0.200074	-0.734529	-0.418211	0.966062	-0.598783	-0.773891	-0.713889
PFKM	-1.371645	-1.777462	-0.902524	-1.350631	-1.717286	0.486617	-0.919355	-1.743035	-1.680191	-1.079268	-1.759361	-1.783396	-1.638653	-1.763545	-1.699233	-0.769637	-1.636775	-1.705351	-0.773636
SNRPG	-1.075288	2.172282	-1.050171	-0.999941	-1.120049	-1.201785	-1.265008	-1.046183	1.609215	-1.202399	4.083487	0.932109	-0.7446	-0.333838	6.07314	-1.264489	0.70313	-0.03485	-0.650545
BTD	-0.617932	-0.077898	1.669091	1.778341	-0.582834	-0.759294	-0.31442	-0.352981	-0.12465	-0.417027	-0.417319	-0.501527	1.160125	-0.754197	3.526221	-0.578113	-0.704987	-0.700589	2.041492
TYROBP	-0.205801	1.48868	0.257247	1.054272	-0.267822	-0.430515	-0.456355	-0.398912	-0.205848	0.133036	0.806729	-0.366285	-0.449634	-0.31635	0.162632	0.253686	-0.127407	-0.440184	0.08486
FANCA	-1.567144	-1.471371	-1.552593	-1.147271	1.59679	-0.570044	-1.575329	-1.576472	-0.485876	-1.022718	-0.987071	-1.581351	-1.500571	-1.039312	-0.940424	-1.543511	-1.58013	-0.000275	-0.860244
PIP	-0.680861	-0.209987	0.183012	0.257531	0.596737	-0.565883	-0.208645	-0.567966	1.176327	-0.680834	-0.653808	-0.541744	1.640482	0.87505	-0.293555	0.247249	-0.679916	-0.537431	4.921524
PDPN	-1.236937	-1.346058	-0.214513	-1.375506	-0.448833	-0.6892	-1.235762	-1.369995	0.131888	2.358629	-1.170461	-0.913003	-1.258391	-0.571115	0.165021	0.103029	-1.356821	-0.321345	-1.200294
BLVRB	-1.164987	-0.024133	-1.046736	5.532274	-1.444468	-0.347763	-1.166532	-1.570828	4.202199	-1.246492	5.455426	-0.122027	-1.501872	2.42171	4.134455	-1.584111	-1.252414	-1.483092	-1.581129
FCGRT	-0.98958	6.424103	-0.97803	-0.799391	-1.011231	0.508967	1.471787	-0.890908	-0.255038	-0.721512	-0.555065	1.138486	-0.572238	-0.134533	-1.022207	-0.947195	0.380106	-1.018938	1.528496
GART	-0.846258	-0.52374	-0.347303	-0.646758	-0.933188	-0.489976	-0.32997	-0.716359	-0.457454	-0.011936	-0.888244	-0.351213	-0.24024	-0.315425	-0.654982	1.360765	-0.962853	-0.49287	-0.95559
BNIPL	-0.682184	-0.762628	0.353669	-0.335446	-0.716303	1.639176	-0.763041	-0.748289	0.319594	-0.487912	0.331451	1.631621	0.528409	1.195762	-0.721689	0.609159	-0.761443	-0.498435	-0.615498
GAPDH	-1.24764	-1.516121	-0.701498	0.166902	-1.421095	-0.94007	-0.709362	-1.4428	0.198413	-1.518259	-1.510604	-1.480487	-1.486113	-1.302378	-1.388368	-1.232486	-1.054677	1.025143	-0.584145
TNMD	-0.6794	-0.701831	-0.677721	-0.387144	-0.183803	-0.694102	-0.695139	0.472551	-0.070289	-0.566029	-0.631553	-0.693952	0.146488	-0.712838	-0.221911	-0.075683	-0.517283	-0.427747	-0.32955
PIGY	-1.015044	-0.200761	-0.637943	-1.419318	-1.398157	-0.977213	-1.100993	-1.427929	-1.068717	0.225432	-1.264608	-0.895312	-0.887926	-0.81967	-1.149085	-1.501715	-1.461404	-1.42737	-1.392829
LRBA	-0.508858	-0.496902	0.487943	0.421404	-0.331429	0.082121	1.23575	-0.208702	0.626807	1.060566	0.16103	0.040156	-0.279139	0.293121	-0.059883	-0.33829	1.065125	-0.454266	1.075332
SPRN	0.024391	-0.424771	0.246337	-0.438924	-0.448635	0.510254	0.00225	0.192719	-0.353544	0.049153	-0.435254	0.790741	0.160235	3.107435	-0.4109	-0.151637	0.357576	-0.231357	-0.27756
MYB	-2.004549	-1.916329	-0.441679	5.351202	-1.032723	-1.994917	-1.989919	-0.09345	-1.822536	-1.790388	-0.751853	-0.899595	-1.951709	-1.061767	-1.98793	-1.99644	-1.883093	-1.899803	-1.696095
CLPB	1.964136	0.126438	-0.986611	-0.156683	0.176056	0.013774	4.000532	1.106979	6.265453	-1.027784	3.183366	-1.025725	-0.82749	0.405665	-0.615564	0.365829	1.035239	-0.92447	-0.349508
NADK	1.968922	0.960997	-0.530627	0.259623	-0.534353	0.104526	-0.610161	1.254941	1.92065	0.779467	1.738942	0.100848	-0.405388	-0.5997	2.986653	0.275251	-0.371305	-0.360401	-0.336119
OGDHL	-0.962132	-0.863647	-0.961726	6.596239	-0.824649	3.801436	-0.380166	-0.359548	2.691209	10.677099	-0.414543	2.93123	1.699079	-0.678537	-0.615986	-0.659862	-0.959363	1.330872	-0.95567
MAX	-0.363286	-0.27338	-0.415286	-0.550535	-0.357223	0.17251	0.235509	0.616648	-0.035433	-0.521811	-0.305734	-0.419232	-0.515919	-0.539367	-0.545617	-0.113324	0.075427	-0.350469	1.515295
FGG	-0.666098	-0.669945	-0.485354	-0.462906	0.168552	-0.318604	-0.771202	-0.637399	3.031187	0.569142	-0.380805	0.456788	-0.799008	9.914423	-0.803172	-0.785898	1.573898	1.953573	1.553461
ALB	-0.75179	-0.064474	-0.567178	-0.855016	0.541484	0.024018	-0.751637	-0.854549	-0.822601	-0.747874	0.12681	-0.190235	-0.836086	-0.270985	-0.186007	-0.850004	-0.781245	-0.594667	-0.482169
LITAF	-0.765612	2.415383	-1.100142	4.98453	-0.987257	-1.000063	-0.855396	-0.918661	3.543468	0.63851	-1.084884	-0.957577	-0.9914	1.349579	0.497495	0.810828	-1.101855	-0.989563	-0.943751
SHBG	-0.754541	0.83768	-0.83225	-0.76662	-0.76476	-0.341826	-0.820442	-0.718428	-0.837496	1.490332	0.31699	-0.067318	-0.753346	-0.38997	-0.60888	-0.728429	-0.830002	-0.672159	-0.062766
PURG	-0.608551	-0.50257	-0.346955	4.177013	-0.335305	0.16975	-0.598556	2.918481	-0.404464	0.036574	-0.377394	0.296188	-0.286378	-0.621048	-0.488392	2.354201	0.50258	-0.597586	-0.538008
CRK	-0.308926	-0.440816	-0.531593	-0.575265	-0.206053	-0.574701	-0.186342	-0.474347	-0.575407	-0.381384	-0.462558	-0.437807	0.370171	-0.095895	-0.50276	-0.572246	-0.44306	0.212195	-0.574471
MOG	-0.73841	-0.677908	1.829095	-0.771197	-0.974312	0.101356	-0.847115	0.785868	-0.311928	0.009699	-0.917129	-0.66609	-0.966774	-0.887915	7.738733	-0.975535	0.030314	2.023727	-0.11063
SNRPA	0.338905	-0.229069	-0.723396	-0.844726	-0.864839	-0.58965	0.47395	-0.85045	-0.314068	-0.860613	4.264205	0.181934	-0.336553	-0.450791	3.534397	-0.149225	-0.775366	-0.734252	1.165049
DENR	-0.849974	-1.169035	-0.958454	-1.123859	-1.178117	-0.623096	-1.004565	-1.110365	-0.857879	-0.675076	-0.909108	-1.22742	-1.225245	-0.875696	-0.50396	-1.03105	-1.266887	-1.249894	-0.851083
HRBL	-0.83481	0.715573	1.534884	-1.076857	-0.606337	-0.451724	4.915896	-0.759473	-1.076064	-0.74132	1.807606	-0.786782	0.010848	8.339072	0.358732	-0.923576	-0.949146	-1.045355	-0.755799
ASL	-0.361825	-0.021799	-0.401422	-0.496488	-0.458516	-0.457524	-0.420975	-0.551711	2.212356	0.815202	-0.423287	-0.007637	0.083841	-0.312201	-0.36006	-0.547456	-0.564675	-0.564184	-0.442726
CASK	0.263697	-0.469264	-0.47416	1.854877	-0.195826	-0.458927	0.021193	-0.47198	2.006127	0.519875	-0.48946	-0.289241	-0.442995	0.72521	2.829854	-0.484866	-0.47118	-0.344867	-0.383773
EREG	-1.718596	-2.082517	-2.054856	-1.29487	-2.085794	1.944839	-1.740547	-2.122624	-1.610412	-1.476721	-1.933424	-2.096496	-1.583199	-1.902918	-2.050843	-2.120348	-1.775182	-1.82238	-2.097315
IHH	-0.645372	-0.524074	-0.536758	-0.30645	-0.266908	3.560475	-0.377603	-0.645559	-0.606075	1.687743	0.911423	-0.625673	-0.129018	1.519667	-0.603429	-0.645571	0.351627	-0.128231	-0.645594
IVD	-0.79713	2.615156	-0.705402	-1.018297	-1.048745	-0.979609	-1.046557	-0.013674	-0.985022	0.518279	0.475021	-0.630726	-0.903001	-0.626275	-0.706425	-1.024927	-1.042526	5.240321	-1.033633
ARHGDIG	-0.406046	-0.32903	0.194885	0.642812	-0.317472	0.274453	-0.225948	-0.12524	-0.188375	-0.371456	-0.185721	-0.316334	-0.395251	0.611199	0.38735	-0.161064	0.49024	0.302171	-0.182986
RHOV	-0.427395	-0.384654	-0.499598	0.62103	-0.060422	-0.925514	-0.927476	0.204903	-0.87413	-0.803146	-0.237224	-0.861964	-0.694268	0.644296	-0.818184	0.507771	-0.892061	-0.323837	0.20937
PLTP	-0.36489	-0.199347	-1.307017	-1.290804	-0.526759	-0.450421	-0.756349	-0.434961	-1.026699	0.231503	-1.298803	-1.014845	-1.324347	-1.24756	-1.321022	-1.237778	-1.247569	-1.320257	-1.222113
HYMAI	1.174689	0.854036	-0.441345	4.670576	-0.160392	-0.182451	1.280122	-0.811287	0.352487	2.928664	-0.405491	-0.779862	-0.415957	8.240436	-0.470726	2.7067	-0.638941	0.297974	2.360719
CHM	0.265523	-0.720285	-0.519638	0.363187	-0.009045	-0.500043	0.978813	-0.347173	1.942482	-0.734354	-0.294373	-0.214224	2.422195	3.754758	-0.168784	-0.224349	0.740098	-0.742622	-0.484572
APOF	-0.053512	-0.097535	-0.218887	0.028998	-0.194484	-0.210517	-0.254883	-0.2788	-0.190684	0.210146	0.497484	-0.268989	0.588928	0.283571	0.673061	-0.275076	-0.02976	0.19291	-0.260387
ACD	-0.666974	-0.246765	-0.705962	-0.74082	-0.467243	-0.759541	-0.530559	-0.760497	0.927735	0.107927	-0.611591	-0.759814	0.004246	-0.098432	-0.754247	-0.564843	-0.650159	-0.687212	-0.716312
EMCN	-0.52276	-0.352852	-0.381224	-0.562261	-0.477272	3.643387	-0.551376	-0.558317	0.056884	-0.520967	-0.3572	-0.391586	-0.221696	-0.560975	-0.280907	0.853503	-0.078873	-0.317334	-0.462493
SELP	-0.678766	-0.810466	0.074426	-0.214033	-0.708777	0.305086	-0.819175	-0.524226	-0.651157	-0.931368	4.005458	5.803216	-1.053044	11.291673	-1.08088	-0.47259	-0.820657	-1.077182	-1.064261
MCC	-0.956497	-0.30402	-1.284284	1.209668	-1.023628	-1.402882	-0.043963	-1.199832	-1.394844	0.144992	-0.268277	0.602697	-1.363212	-1.261645	-1.214569	0.778402	0.954664	-1.320425	-0.019346
GYPC	-0.496207	-0.063389	-0.679138	-0.539278	-0.676717	-0.521711	-0.454169	0.040781	1.04454	-0.6255	-0.237965	-0.598457	0.266059	1.505932	-0.443286	-0.685923	-0.644648	-0.566906	-0.458608
PNMT	-0.410418	-0.475783	-0.291085	-0.444994	-0.470019	-0.202848	-0.07206	-0.428672	0.48828	5.698627	0.078183	5.828658	0.250942	14.770857	-0.477032	-0.476806	-0.304618	0.426744	-0.468565
RGN	0.606743	-0.598682	-0.268233	4.726985	-0.506124	0.895335	4.058564	1.544061	-0.428044	-0.387458	1.569508	-0.213945	0.40822	-0.585668	3.27538	-0.440858	-0.592094	-0.309037	-0.025948
NAPB	-0.652075	0.889018	0.952725	-0.904043	-0.728505	-0.633311	0.760979	-0.901318	-0.893053	-0.829111	0.043119	-0.252551	-0.056211	-0.821365	-0.090005	-0.895939	-0.558458	-0.864086	-0.467522
PARVA	-1.067446	-0.555996	-1.06481	0.218448	-0.758813	-1.059883	-0.058713	0.614554	0.215348	-0.030537	3.619438	-1.064044	-0.545267	0.732987	3.084321	0.620616	-1.044216	-0.068387	-0.988276
RABEPK	-0.633993	-0.815124	-0.632958	-0.829833	0.333102	4.209603	-0.804256	1.592055	0.366271	-0.796923	-0.820466	1.075756	4.885697	0.916136	-0.04254	-0.690218	-0.39062	-0.484633	-0.828701
NMI	-0.869096	-0.823342	-0.972166	-0.406111	-0.941714	0.834286	-0.974377	-0.966359	-0.461318	0.265974	-0.156091	-0.894401	-0.176211	-0.592001	-0.974691	-0.974706	-0.470506	-0.931472	-0.205804
CENPN	1.66354	0.662336	-0.952072	-0.755655	0.504495	0.69141	0.494317	-0.937247	-0.579708	-0.92437	-0.881904	-0.67036	0.205209	-0.479802	-0.627348	-0.943546	-0.705021	-0.942772	-0.33418
GALT	-1.090275	2.474727	-1.256292	1.048443	1.106893	-1.32872	-0.874554	-1.438109	-1.434655	-1.055396	0.163946	-1.323514	2.306679	-1.341814	-1.033801	-1.274981	-1.265036	-1.45933	-0.934665
GRPR	0.018556	0.193517	-0.202582	-0.365958	-0.494094	-0.3051	0.21588	-0.397487	0.389498	-0.136213	-0.580786	-0.088842	-0.572572	-0.59014	-0.058728	-0.287854	-0.604148	-0.593226	-0.361725
CHGA	1.141459	-0.245443	-0.765536	-0.621654	0.093399	1.911546	-0.320143	-0.601502	0.207775	-0.710215	-0.726648	0.520396	0.045484	0.873616	-0.539245	-0.737569	0.262966	-0.726983	0.551704
WRB	-1.561224	-1.310212	-1.563228	-1.052463	-0.931698	-1.304794	-1.558145	0.495486	-1.362012	-0.336051	-1.564491	1.667391	-1.361564	-1.430631	-1.131516	-0.131169	0.712028	-1.543722	-1.527863
MSRA	-0.761756	-0.143456	-0.172427	-0.258507	0.019118	-0.087747	-0.259464	0.113751	-0.383824	-0.599654	-0.771817	0.029875	-0.735146	-0.784027	0.296335	-0.276647	-0.173195	0.547839	-0.762457
PSPH	-1.465004	-1.33841	-1.199073	-1.031059	-1.09684	-1.374666	5.080578	-1.385379	-1.239304	-0.269943	-1.32313	-1.520262	-1.281679	-1.239119	-1.480514	-1.520695	-1.494257	-1.520515	-1.089144
CGA	-0.450146	0.47756	-0.600851	-0.353886	0.80025	1.656284	-0.4374	-0.613195	-0.269951	-0.457513	-0.598499	-0.389029	-0.590742	-0.580704	0.796405	-0.390594	0.000762	-0.442783	-0.399902
RBAK	-0.218858	0.246528	1.078693	-0.290672	0.073751	-0.077424	-0.25837	-0.289346	0.518347	1.362701	0.736399	-0.29314	-0.208194	-0.281778	-0.068436	-0.278872	0.049325	-0.17665	-0.251474
NDP	-0.619877	-0.131394	-0.658851	1.261492	0.851656	-0.190999	-0.274895	0.748806	-0.629818	3.334344	-0.046958	0.260372	0.620835	-0.096518	-0.621353	-0.635254	0.142222	0.188936	-0.214893
LDHA	-0.640991	-1.064829	-0.273584	-0.666542	-0.683233	-0.183288	-0.751756	-1.071434	-0.945694	-0.831674	-0.683501	-0.758822	-1.099541	0.643139	0.012111	-1.099192	-1.042465	-0.980619	-1.099695
POLL	0.453584	7.535541	-0.570188	-0.608452	-0.50405	-0.597266	0.006005	-0.133816	-0.623954	0.302149	-0.653927	1.788846	2.975613	-0.613905	1.222927	-0.210781	-0.530009	-0.615638	-0.628034
ILVBL	0.661678	-0.999905	-0.761129	-0.908547	-0.978707	-0.977001	-0.871355	-0.175443	-0.957533	-0.999035	-0.386094	-0.927609	-0.866778	-0.212254	-0.501452	-0.405734	0.344625	-0.379838	-0.691041
SVH	-0.604303	-0.57615	-0.096755	3.96148	-0.484614	0.995358	-0.617741	-0.389998	-0.269662	1.257884	0.055207	-0.574344	-0.61561	-0.316477	-0.53253	-0.415803	-0.607599	-0.564417	-0.362179
MVK	0.555968	-0.642792	-0.669447	-0.636237	-0.458937	0.485293	-0.670196	-0.596669	1.025631	-0.426632	0.713952	-0.255606	0.142779	-0.095559	-0.111919	0.425996	-0.32749	-0.634223	-0.135855
ECD	-0.836565	-0.704844	0.34115	-0.815131	-0.866063	-0.836267	-0.325658	-0.648572	0.062768	-0.763678	-0.865662	-0.724875	-0.456313	-0.437969	0.035188	-0.72826	0.088177	-0.827087	-0.739186
DTL	-1.440492	-1.449638	-1.141745	4.41589	4.226964	-1.460141	-1.251955	-1.362896	-1.046373	1.288604	-1.392127	-0.282234	-1.14284	0.443342	-1.507228	-1.356186	1.736886	-1.396341	-1.50255
SNRPC	0.391203	0.323876	-0.718608	-0.397248	-0.722654	-0.721518	-0.68568	-0.410695	0.958738	-0.540541	-0.691092	-0.64773	-0.723183	0.164147	-0.158018	-0.459697	-0.653303	-0.714115	-0.570525
LMLN	-0.660042	-0.220554	-0.334495	-0.351536	0.831962	-0.202392	-0.044966	-0.395074	1.036432	0.670694	0.361987	0.398604	0.014383	0.19231	-0.404228	-0.647137	-0.578162	-0.409793	-0.576985
OSMR	-1.149867	-0.270935	-0.594802	-1.252558	-1.224801	0.746121	-1.264674	-1.234543	-1.281552	-0.585181	-1.257278	-1.253466	-1.202423	-0.962484	-1.132331	-1.278113	-1.015493	-1.2663	-0.751473
POLH	0.095303	-1.069649	-0.164402	-0.250741	-0.819195	3.075614	-0.948019	-1.172496	-1.295068	-1.302939	0.136711	0.600375	-0.667921	-0.536071	0.978148	-1.053114	-0.333984	1.069838	-1.301636
PPCDC	-0.812416	-0.749265	-0.721086	-0.799307	-0.308516	-0.744857	1.280674	-0.808878	-0.771096	-0.58254	-0.729784	-0.15307	-0.723465	-0.691929	-0.722575	-0.813574	0.416523	-0.676245	0.417662
GPI	2.121711	1.390377	-0.936121	1.298306	-1.270816	-0.648122	-1.27946	-0.603906	-1.283042	0.440606	-0.955378	-1.28549	-0.705925	-0.347182	-1.180104	-1.200128	-1.086522	-0.677107	-1.270305
OAF	-0.588643	-0.206903	-0.160223	-0.485389	-0.82728	-0.628121	-0.032377	-0.822665	-0.047912	0.397678	-0.783697	-0.742938	-0.597947	-0.736821	2.889081	-0.803175	-0.147679	-0.825157	0.12758
VASN	-0.349746	-0.104147	-0.466923	-0.137497	0.515581	-0.515446	-0.259315	-0.274911	1.097082	-0.501259	-0.38412	1.215944	-0.41611	2.276601	7.023914	-0.260341	-0.345251	-0.513198	-0.502042
HEYL	0.849093	0.652098	-0.27411	-0.051748	-0.087606	-0.162671	-0.139315	-0.229785	0.78041	2.34143	-0.036198	-0.172431	0.255746	1.578924	-0.182763	-0.025341	-0.202452	-0.116725	0.443115
HELLS	-0.569029	-0.479296	0.1137	2.628729	0.272121	-0.533128	-0.423382	-1.000592	1.118165	0.308013	-0.178291	0.167045	-0.207258	0.468697	0.270543	-0.576404	-0.934636	-0.037903	-0.179032
PTS	-0.784971	-0.761701	-0.689971	-0.463714	-0.776135	-0.550719	-0.612184	0.272299	-0.821203	-0.613032	-0.811703	-0.60524	-0.821018	-0.821739	-0.725458	-0.452648	-0.094705	-0.735498	0.0532
RBPSUHL	-0.429795	0.237489	-0.299957	-0.392548	-0.108368	-0.376703	-0.330141	-0.328837	0.082258	-0.502022	1.453129	-0.450859	-0.313979	-0.350336	-0.004552	-0.480903	0.231019	-0.063389	-0.370736
PRELP	-0.083828	-0.158577	0.624622	-0.421655	-0.462197	-0.326919	-0.453056	-0.493242	-0.461306	-0.160291	-0.449231	0.126391	-0.229416	-0.000469	-0.433939	-0.393983	0.67229	-0.494314	-0.491819
GFER	0.314271	1.489725	-0.379368	1.088473	-0.758778	0.607674	-0.780956	-0.605889	3.503582	0.735744	0.127595	-0.34194	-0.801887	-0.346519	-0.424851	0.141336	0.253873	-0.612669	0.48383
GSR	-0.828876	-0.18378	-1.113396	-1.077907	-0.881392	-0.622868	-1.076999	0.196239	9.255846	-0.643162	0.909327	-0.604678	-0.344366	-0.224011	4.63872	0.047555	-1.012984	-0.7537	-1.02908
LCT	-0.299431	-0.899798	-0.912034	5.901323	0.768156	1.584124	2.132441	-0.320767	-0.675929	0.119695	1.407463	-0.564823	-0.892281	9.529045	3.526809	-0.422429	0.578851	-0.637233	-0.675322
MRRF	-0.463903	-0.523576	0.284882	-0.514163	-0.309243	1.830322	-0.413236	-0.491524	-0.264532	-0.073759	-0.526516	-0.150025	-0.421276	-0.538605	-0.017028	-0.528185	-0.395998	-0.495405	-0.247509
MLCK	-0.580329	-0.579824	-0.326352	-0.566744	-0.552431	-0.578489	-0.409758	-0.472121	-0.553597	-0.568031	-0.379245	4.202335	-0.568937	2.462025	3.189022	-0.100626	-0.542002	-0.579038	-0.57702
RELA	0.33108	1.073881	-0.532079	0.688827	-0.075016	-0.659349	-0.633209	-0.594209	-0.457472	-0.146673	-0.49158	-0.521612	-0.358515	-0.630744	2.780961	-0.661434	-0.66126	-0.051983	1.029689
PHB	-0.851237	2.517268	-1.58112	-0.322114	-1.162314	0.852763	-1.529221	-0.02673	-1.374923	-1.598383	-0.577121	-1.599233	-1.493034	-1.614961	-0.12059	-1.389791	-0.546481	-1.614319	-0.447151
CLTB	-0.379155	-0.909544	-0.768016	-0.988635	-1.086973	-0.667277	-0.769749	-0.937707	-0.635659	-0.891028	-1.034033	-0.818683	-0.552912	-0.264768	-1.029908	-1.024905	-0.935849	-0.912448	-1.050833
LTK	-0.549809	-0.559345	-0.278665	0.218825	-0.13962	-0.097485	-0.162397	-0.068412	0.357547	-0.278571	0.983353	0.016814	1.65296	0.383444	1.050617	1.857582	-0.514904	-0.571119	-0.572397
ARSE	-0.132947	1.330492	0.02328	-0.215737	0.129209	0.593909	-0.114467	1.764179	1.561798	1.028312	-0.051066	-0.261936	0.042921	-0.272477	0.123673	-0.027512	-0.23355	-0.249933	-0.253772
PYCRL	0.70285	-1.044855	-0.97737	-1.056353	-1.052139	3.920691	0.435081	-1.03232	0.040535	-1.037642	-0.773678	-0.772648	0.478638	2.159318	-0.893036	-1.043326	-0.818068	-0.076088	0.450566
GALE	-0.82329	3.135784	0.409343	-0.480374	-0.716044	0.655454	-0.917888	-0.495698	0.530035	-0.90278	-0.632286	-0.62259	-0.336936	-0.670802	-0.668026	-0.452546	-0.82027	5.714466	-0.36214
INHBB	-1.493969	-1.505547	-1.270339	0.514093	-1.152732	-1.500565	-1.451937	4.262858	-1.299102	-1.432617	-1.505582	-0.971545	-1.440407	-0.859062	-1.031646	-1.391274	0.351844	-1.409704	-1.177556
SNIP	-0.006492	-0.447745	-0.15706	0.629571	0.297946	-0.631305	0.375582	0.109994	-0.035343	-0.081823	-0.3933	-0.284922	0.377904	-0.086292	0.918864	0.725015	-0.660129	0.12889	-0.227772
PRND	-0.472619	-0.283624	0.165623	-0.220042	1.984699	-0.605629	-0.092592	-0.605783	1.406356	1.002516	0.319683	-0.37285	-0.550457	12.014843	6.414688	-0.462142	-0.184576	-0.535048	-0.44449
DNER	-0.375706	0.260932	-0.120689	1.628354	0.688786	-0.299248	-0.253673	0.381441	-0.172603	-0.096058	-0.295345	0.016173	-0.394517	0.494583	-0.051212	-0.372239	-0.134556	-0.302856	0.233255
TFRC	-1.491369	-1.210328	-0.351216	-1.376979	-1.491974	-1.260199	-1.378454	-1.169757	-1.035755	0.003941	-0.061037	-1.252514	-1.249653	-0.891136	1.268632	-0.157762	-0.508099	3.458668	0.290238
NKTR	-0.518732	-0.497379	-0.730292	-0.54302	-0.315766	0.014366	-0.568022	-0.507815	-0.55952	-0.674697	0.368999	-0.7263	0.480621	-0.690972	-0.71802	-0.262051	-0.712042	0.428749	-0.636521
HNRPD	0.202434	1.124251	0.104711	0.143713	-0.294982	-0.402004	-0.389876	0.452751	-0.322466	-0.400908	-0.084265	0.419664	0.778937	-0.342385	-0.260314	0.039259	-0.270001	-0.268579	-0.425217
HEMGN	0.068781	-0.672198	-1.111062	-1.117407	-1.112364	0.891959	-1.048777	-1.103991	-0.780125	2.597448	-1.004414	0.960891	-0.268316	1.64413	4.584995	0.122762	0.844099	-0.998649	-0.147803
LYST	-0.541335	-0.745814	-0.477939	0.080221	-0.754894	-0.728992	-0.021887	-0.496449	-0.729704	-0.574094	-0.529325	-0.54552	-0.75914	-0.65278	-0.657842	-0.644414	-0.758081	-0.759785	-0.463347
EVL	-1.77663	1.832908	-1.076239	-1.476853	-1.223551	-1.523245	-0.950754	-1.562134	1.433122	-0.317735	-1.715852	2.202133	-1.269841	-0.722285	3.449248	-1.250882	-0.79438	-1.317623	-1.423962
FUS	-1.398315	-1.36521	-0.818354	0.456438	-0.620237	-1.055081	-0.535117	-1.157425	-1.355318	-1.18997	-1.402632	0.951092	-1.396377	-0.566994	-0.82242	-1.209119	-0.8779	-1.406074	-1.16608
SYP	0.027726	-0.404944	-0.35834	0.417586	-0.090541	-0.418407	-0.397797	-0.289271	-0.287646	-0.284964	0.43978	0.823665	-0.021568	-0.130509	-0.416118	0.355077	-0.37102	0.305836	0.034204
OMD	-0.197547	8.437644	-0.089166	-0.302249	-0.252959	0.100623	-0.296074	-0.25706	2.411717	2.224154	0.328932	-0.254527	-0.318354	0.161195	-0.366046	-0.123181	-0.320971	0.173943	-0.057412
OSTALPHA	0.086146	-0.5171	-0.249272	-0.121337	-0.151905	-0.50118	-0.515488	-0.435462	0.40582	-0.08763	0.024763	-0.186596	2.567758	-0.300349	0.66357	-0.517087	0.105703	-0.514249	0.812545
SBEM	-0.614576	-0.522939	-0.610972	-0.598127	-0.332509	-0.431361	0.259311	0.163779	-0.599153	1.44138	-0.565445	-0.265736	-0.318559	-0.119252	0.821	1.307872	2.136052	-0.606682	1.219549
SRF	0.973957	-0.349843	0.308196	0.749363	-0.471924	-0.488061	-0.276602	-0.121353	4.813491	-0.458667	-0.331646	-0.434254	-0.080795	-0.544703	-0.544446	-0.537267	-0.493244	0.249985	-0.487845
CRYGD	0.084842	-0.331996	0.078238	0.232492	-0.279005	3.769074	-0.308085	0.379784	-0.506309	2.75648	-0.433239	-0.522465	0.340171	-0.167564	2.506582	-0.518595	0.999594	0.069776	-0.335207
FAP	-1.044248	-0.138142	-0.98385	2.387976	-0.327763	-0.796441	0.08134	-0.527377	-1.045466	-0.957477	-1.006931	1.403668	-0.633322	2.045635	-0.830071	-0.697797	-0.735486	-0.803681	0.099131
NFKBIB	-0.480483	-0.479826	-0.183915	-0.46213	-0.488994	-0.142773	-0.026691	0.003319	5.731487	2.413422	2.978376	-0.353187	0.344748	-0.26129	1.858035	-0.502508	-0.500872	-0.480847	-0.41604
STS	-0.04566	-0.476246	0.048737	-0.302787	-0.820218	-0.802682	1.698226	-0.555662	-0.352184	-0.794909	-0.579442	-0.631083	-0.592517	1.319894	-0.748915	0.009144	-0.41757	-0.344003	1.007719
PTMA	-1.344305	-1.446005	-1.058431	-1.047724	1.536885	-1.495693	-1.190512	0.757942	-1.328688	-1.485997	-1.494986	-1.334963	-0.932745	-1.49485	-1.429158	-0.131933	-0.251485	-1.25369	-1.48906
RHOC	-0.089842	-1.005976	0.246819	-0.774271	-1.142516	-0.865802	-1.109666	-0.867626	-1.155225	3.758965	-0.806381	-0.645694	-0.781266	-0.405853	-0.755325	-0.941945	0.7663	-0.125526	-0.108428
PGLS	-0.314517	2.507964	-0.891406	6.912348	-0.889995	-0.914055	-0.910707	-0.914543	-0.111722	-0.116842	-0.895413	-0.332021	-0.911104	1.032872	-0.352049	-0.893315	-0.913528	-0.805187	-0.912293
NOPE	-0.469598	0.597449	-0.781642	-0.831481	-0.740529	-0.545345	-0.190208	-0.868289	-0.606636	-0.117382	-0.216175	-0.361118	-0.89317	7.654694	0.161889	-0.662178	0.651794	-0.510625	-0.366339
AFM	-0.454851	-0.368542	-0.379041	0.420191	-0.142933	-0.354617	-0.472034	-0.34563	-0.452932	2.616936	-0.016866	0.380203	-0.418214	-0.398713	-0.388343	-0.328594	-0.461876	-0.438413	-0.470443
