CENPK	-1.06261	-0.138258	-1.02827	-1.3225	-1.22351	-1.02426	-1.04885	-0.732755	-0.873146	-0.694605	-0.653344	-1.30065	0.31575	-1.23097	-1.14028	-1.32937	-1.16227	-1.32174	-1.30446
DTYMK	1.16413	1.80112	0.128536	-0.242666	-0.400852	1.54047	-0.700484	-0.190963	1.23596	-0.237929	0.03114	-0.542366	-0.312722	-0.297684	0.250292	-0.659034	-0.685005	-0.446464	-0.683219
RNGTT	-0.39655	-0.192156	-0.156524	-0.633376	1.308	-0.03745	-0.481176	-0.483843	0.035656	-0.546348	3.10806	-0.658738	-0.675162	-0.676109	-0.577075	0.126834	-0.482508	-0.676633	0.938518
MRAP	-0.375377	-0.779443	0.183743	-0.580621	-0.612971	-0.839002	-0.127034	-0.852335	2.17923	-0.55963	-0.645339	0.086324	-0.776036	-0.671678	-0.675807	-0.836083	-0.572642	-0.404321	0.111757
AIRE	-0.285024	-0.116606	-0.263466	-0.131314	-0.288701	0.143592	0.212623	0.170932	0.084305	-0.023831	0.420115	-0.210417	0.204759	0.042365	-0.288067	-0.278718	-0.212088	0.269045	-0.27748
VAPA	-0.875006	-1.03375	-1.42119	-1.41653	-1.18373	-1.42539	-0.660845	-1.02676	-0.908246	-0.360604	-0.537326	-1.19633	-1.42101	-1.40508	-1.33187	-1.30528	-0.804174	1.46328	-1.22402
PARVG	-0.551284	-0.547483	-0.357876	-0.524549	-0.281736	0.335412	1.89621	2.50992	-0.295091	0.472899	-0.516845	-0.513442	-0.340836	0.35834	-0.364695	2.44447	1.56643	-0.190706	-0.46754
CAMLG	-0.772871	0.838964	-0.65417	2.05002	-0.754917	-0.27714	-0.35746	-0.747882	-0.773182	-0.716564	-0.342486	-0.781232	-0.772541	1.3507	-0.74978	-0.593042	-0.336275	-0.755293	-0.78505
SDSL	3.25963	1.00737	-0.61105	-0.191054	-0.89954	-1.02806	-0.858703	-0.255888	3.1974	0.358137	-0.836412	-0.331984	0.888962	-0.502332	-0.082298	-0.449661	-1.03279	-0.57603	-1.01426
UQCRH	-1.37055	-0.48348	-0.893522	1.21768	0.074272	-1.31601	-1.32914	-1.32484	-0.601588	0.210801	-1.39211	-1.38712	-0.287808	0.566311	-0.798923	-1.31816	-1.33942	0.429342	-1.39232
SUOX	-0.116438	-0.823346	0.389348	-0.823091	-0.833465	-0.054138	-0.82583	-0.833005	-0.833638	-0.791084	-0.826256	-0.794851	0.256398	-0.698509	-0.621942	-0.737077	-0.481644	-0.283747	0.70628
PARC	-0.741269	0.578206	-0.02679	-0.559533	-0.938227	0.485632	-0.456088	-0.97548	-0.791631	-0.423339	-0.894123	-0.916934	-0.966263	-0.953483	-0.962574	0.923481	-0.883017	0.047976	-0.973025
STOM	-0.651567	-1.31728	-0.503998	-0.572462	-0.988108	-1.23397	-0.834921	-1.17246	1.68899	0.247001	0.353638	0.035545	-1.275	5.66235	-0.381826	-1.21936	-1.33213	-1.33205	-1.30455
ASMTL	-0.836345	-0.404056	-0.600342	-0.697078	0.46938	0.020515	-0.863179	-0.831531	0.100378	0.270567	0.086643	-0.765988	-0.749038	-0.838155	-0.798551	1.27053	-0.856876	-0.861234	-0.526061
PRTG	-0.670126	-0.486461	-0.489892	-0.655137	-0.605086	-0.623432	-0.589334	-0.482887	0.850568	-0.596845	0.195235	-0.680337	-0.688376	-0.427946	-0.684237	-0.526216	-0.569078	-0.685832	0.044094
SELT	-0.455397	-1.46196	-0.799931	-1.43098	-1.28615	-0.977132	-1.47475	-1.14052	-1.49319	-0.320584	-1.48802	-1.14758	-1.07415	-1.43682	-0.900399	-1.43811	-0.589553	1.49413	-1.38694
RLF	-0.397857	-0.37022	-0.344694	-0.053214	1.09887	-0.271412	0.727614	-0.209901	0.670498	0.581029	0.554601	-0.156826	-0.411436	-0.080488	1.30412	0.602104	-0.249137	0.192234	-0.407877
TMPIT	-0.368737	-0.280838	-0.049049	1.39107	0.296423	0.584937	-0.191786	-0.340291	0.500748	0.461671	0.201703	-0.4099	-0.34735	2.168	1.45933	0.063036	-0.34502	-0.253877	0.303272
NARFL	-0.488456	-0.797331	0.727429	-0.701361	-0.04098	-0.814728	-0.79425	0.446732	0.129215	-0.279311	0.260828	-0.399028	0.728164	-0.509344	-0.10332	-0.638654	0.055721	-0.816378	1.40401
SYNPO	-0.598778	-0.6401	0.532602	1.44291	1.5593	-0.565194	0.671999	-0.552392	-0.585542	0.875706	0.04948	0.710425	1.71714	-0.211205	0.518259	0.22685	-0.640779	-0.495353	-0.208415
OPCML	-0.811938	0.766142	-0.833719	-0.786488	-0.22182	3.62111	-0.519097	-0.663579	0.026424	1.06811	0.221003	-0.78538	-0.623854	-0.635213	-0.652164	-0.828586	-0.778864	-0.565801	-0.72529
NFYB	-0.642116	-0.873263	-0.878501	-0.326195	-0.952498	-0.274717	-0.89715	-0.979347	-0.879811	-0.911428	1.29366	-0.975358	-0.954905	1.86077	-0.311682	-0.14591	-0.846888	-0.893932	-0.838511
FUK	-1.2973	-1.0035	-0.552633	-0.200622	-1.28928	-1.31202	-0.287652	-1.12786	-1.26969	-1.225	0.02934	-0.918039	-1.31466	5.48963	-1.18469	-0.60938	-1.14844	-1.03307	-0.15002
VPRBP	-0.330537	-0.296048	0.282948	-0.069007	-0.356123	-0.220425	-0.147211	0.273682	-0.336299	-0.334529	-0.348128	0.070483	-0.341018	-0.119049	-0.328404	-0.22228	-0.330223	0.03583	0.301571
CRIPT	-1.69737	-1.24625	-1.67805	-1.04333	-1.54336	-1.58129	-1.34276	0.156227	-1.15267	-1.68742	-1.29787	-0.950669	-1.65122	-1.1679	-0.509145	-1.68777	-1.54288	-1.1181	-1.44413
DMPK	-0.601827	4.63584	0.942798	1.08041	-0.669083	3.84547	-0.265977	-0.691037	-0.692412	-0.657699	-0.433321	-0.608927	-0.62567	-0.099493	-0.457614	-0.644897	-0.654471	-0.406893	-0.617444
TEPP	-0.543052	-0.228907	-0.156277	-0.477846	-0.368488	0.918622	-0.448801	-0.460507	0.136482	-0.564393	-0.565044	0.208801	0.111191	-0.468331	0.171442	-0.518578	-0.540529	-0.361266	-0.527289
NPW	-0.735671	-0.600626	-0.736037	-0.70132	-0.419712	-0.296933	-0.682473	-0.26817	-0.736003	-0.732156	-0.65162	-0.356912	-0.574955	-0.551729	4.33261	-0.557309	-0.197742	0.530623	-0.264192
GCGR	1.6	0.844519	0.413559	0.382872	-0.657953	-0.005234	-0.703678	-0.708072	0.289535	-0.709623	-0.441615	-0.130148	-0.544914	0.539675	0.20435	-0.707432	-0.639653	0.702701	-0.561922
PPAN	-0.954058	-0.953489	0.380314	-0.833006	-0.924999	0.417321	-0.958586	2.60911	0.057529	-0.961804	-0.89426	1.5237	-0.955329	-0.718305	4.59811	-0.815884	-0.904407	-0.955674	0.229946
PNOC	-0.761911	-0.39783	-0.764944	0.430707	-0.644434	-0.456624	-0.799734	-0.809363	1.0773	1.32808	-0.677726	-0.556923	-0.731819	-0.23223	-0.756555	3.72622	-0.434765	-0.268167	-0.405457
SUFU	-0.25792	-0.933514	-0.351991	-0.676198	0.098063	-0.025779	-1.00365	1.99819	2.21252	0.08072	-0.036054	-0.404416	-1.05676	0.89312	0.084565	3.66649	-1.01374	-0.091953	-0.651321
TMLHE	0.167686	-0.24025	-0.714548	-0.069942	-0.467944	-0.67078	-0.634303	-0.162871	0.976571	-0.605124	1.21377	-0.377494	0.212112	0.472374	-0.299081	-0.311484	-0.446566	-0.400348	-0.657828
GLRX	0.246315	-0.424238	-0.031481	0.08076	0.847163	0.602397	-0.409899	-0.429255	-0.064755	-0.281849	-0.0886	-0.371308	-0.415831	-0.06083	0.778176	0.540799	0.590611	-0.464347	-0.409243
CNIH	-2.11857	-1.7186	-1.50968	-2.19648	-2.047	4.9516	-2.18759	-2.2016	-1.27074	-1.75687	-2.02039	-1.60928	-2.12494	-1.05199	-2.13437	-1.63522	-2.20577	1.0115	-1.36749
MUTYH	-0.769071	-0.332204	-0.178473	-0.434277	0.521089	-0.277484	-0.474112	-0.289584	-1.00076	6.85527	-0.867531	-0.562443	0.441494	1.39554	1.4823	-0.964915	-0.86741	1.86534	0.19247
ALPI	-0.804936	-0.58042	-0.483365	-0.226511	2.17207	-0.790133	-0.736386	-0.026076	-0.798102	1.28109	-0.803499	-0.506773	2.37327	0.057908	-0.375116	-0.734125	1.05509	0.252834	-0.739447
CIDEB	-0.647781	-0.250582	0.255342	-0.408358	-0.627859	-0.575113	-0.173072	-0.615105	0.253762	-0.639314	1.89407	-0.677059	-0.564179	-0.626127	0.134817	-0.665477	0.524489	-0.391465	-0.42412
APOB	-0.688142	-0.682091	0.242637	1.87169	-0.544883	-0.754205	-0.851523	-0.851347	-0.794188	-0.597862	-0.232981	-0.387503	-0.617584	3.52398	2.09182	-0.054196	-0.543085	1.19948	-0.827
CTCFL	-0.159127	2.78116	-0.923662	-0.975708	2.36614	0.83051	0.197114	-0.969493	-0.321384	-0.957217	-0.075248	0.92142	-0.054147	4.97581	-0.432759	-0.57129	2.2536	-0.509658	-0.998345
HBEGF	-2.28664	-2.23987	-2.17505	-1.32383	-2.35858	-1.11677	-1.87048	-2.42242	0.374954	-1.99798	-2.34048	-2.439	-2.30032	-1.77737	-2.38517	-2.4481	-2.21811	-2.40379	-2.36495
ZYX	1.16308	-0.823826	-0.864679	-0.287708	-0.867846	-0.667531	-0.389141	-0.853267	0.141876	-0.010749	-0.669726	-0.835313	0.521117	-0.771006	-0.862534	-0.865348	-0.80212	-0.866278	-0.256367
AICDA	-0.291043	0.56335	-0.719903	-0.64333	-0.256883	0.40205	-0.717568	-0.684945	-0.445789	-0.505221	0.068034	-0.317497	0.513614	-0.512328	-0.436493	0.527534	1.7512	0.621852	-0.728425
LHB	-0.563292	0.319134	-0.729297	0.543201	0.176466	-0.835774	1.46589	-0.685683	-0.704223	0.06056	-0.41854	2.82095	-0.793668	7.06157	0.068845	1.25728	-0.690612	-0.723005	0.269361
NFRKB	-0.805352	-0.835236	0.179314	-0.707295	0.09629	-0.338285	-0.740268	-0.844973	0.538433	1.48719	-0.231219	0.62469	-0.442716	1.11651	-0.514345	-0.768842	-0.824674	-0.753391	0.104333
DST	0.092351	-0.24768	-0.812867	4.81971	-0.888139	-0.630649	-0.905282	-0.784386	1.84736	-0.541383	0.30893	5.09732	-0.443402	-0.431203	-0.9161	-0.945563	-0.723215	0.27827	0.239278
SMOX	-1.59097	-1.58767	-1.63063	0.289374	-0.989617	-1.64172	-1.28241	-1.50621	-1.2829	4.0538	-1.53092	-0.70458	-1.60579	0.592018	-0.948351	-1.42599	-1.59817	-1.22233	-1.27089
MTDH	-0.174655	-0.405526	-0.868534	-0.948937	-0.822804	-0.781497	-0.931043	0.156223	0.100231	0.433812	-0.948939	-0.792537	0.083549	-0.162217	-0.58251	-0.647878	-0.798746	1.54326	-0.956978
PML	9.01532	-0.343664	2.23489	-0.475093	-0.447561	-0.28099	-0.326894	-0.406918	0.553732	-0.44389	-0.044615	2.48873	-0.168533	-0.469085	0.600988	1.02947	-0.142245	-0.488937	0.529641
SDCBP	-1.08592	0.339484	-0.920374	-1.18358	-1.21427	-1.21473	-1.02917	-1.11343	1.07081	-1.10993	-0.997473	-1.11601	-0.56964	0.6565	-1.11231	-1.04019	-1.06767	-1.21319	-1.0487
NPPB	-0.188079	-0.295778	-0.285841	0.058459	-0.021671	-0.155184	-0.210316	0.995217	0.783984	-0.287701	-0.147502	-0.295794	1.19438	-0.137066	0.01004	-0.257411	-0.13016	0.31124	0.570588
UCN	-0.432915	0.231362	9.8003	0.115651	-0.589662	-0.528172	-0.395764	-0.364895	3.36264	-0.601201	0.8155	-0.136866	-0.5871	1.00895	-0.600722	1.61139	-0.443517	-0.181288	-0.476195
PTPRB	0.56633	-0.657201	-0.653517	0.480578	-0.231021	-0.129741	-0.075533	0.742473	0.265057	0.558592	4.24909	2.73968	-0.131747	0.200678	0.987204	1.63631	-0.60345	-0.666907	-0.630078
DFFB	-0.190775	0.696834	-0.186807	1.23933	-0.28126	-0.615426	-0.567769	0.559302	-0.563283	-0.467035	-0.680698	-0.620835	-0.571571	0.126365	0.148319	-0.643733	-0.677049	-0.568722	-0.53111
GAST	-0.752739	0.82772	-0.832574	1.62122	-0.686013	-0.784278	-0.409608	-0.745364	-0.498166	-0.609065	0.043871	-0.035505	-0.09858	-0.632274	-0.740388	-0.422653	-0.038779	-0.636578	-0.861042
RELN	0.241984	-0.303169	0.14093	-0.420455	-0.319594	-0.209321	-0.155354	-0.427568	0.133477	-0.219515	-0.440961	-0.303583	-0.437972	0.62881	-0.423798	-0.390348	0.037903	-0.339846	-0.372905
ARVCF	1.01703	-0.785269	1.14268	-0.785618	0.268835	4.83082	-0.506167	-0.26849	-0.71476	-0.712215	1.85556	0.840854	0.168142	-0.12016	0.620837	-0.759275	-0.079666	0.266895	-0.355034
NMBR	10.7142	-0.074029	-0.38028	-0.111998	-0.478557	-0.386098	-0.269297	-0.074246	-0.402517	0.967668	-0.455915	-0.519332	0.458278	23.7846	-0.497355	-0.469705	-0.541382	3.0512	-0.114963
MME	7.49776	-0.847342	-0.259426	-1.32652	-1.28267	-1.3071	4.58936	-1.16913	-1.32759	-0.131971	-0.963057	-0.648607	-0.948145	-1.2796	-1.3202	-1.04234	-1.2968	2.16395	-0.733868
UNG	-1.10607	-1.18256	-0.422109	-1.2933	-1.25161	-0.955737	-0.661374	-1.26515	-0.104838	-1.19454	-0.800984	-1.29079	-1.2184	-0.859497	-1.26378	-0.936077	-1.17299	-1.29543	-1.21939
APRIN	0.226335	-0.966531	-0.947295	-1.22393	-1.50916	-0.506299	-1.29047	0.315616	-1.1361	-0.781729	-1.29877	-1.53927	-0.760376	-1.53687	-1.53874	-1.53001	-1.44786	-0.887868	-1.25713
NOTUM	-0.26735	1.65613	-0.418929	2.08293	-0.376886	1.01525	-0.602169	-0.615568	-0.55116	-0.181461	0.937247	-0.545423	0.438363	0.472457	3.27434	-0.369356	0.84852	0.066809	-0.195534
AGT	1.11696	-0.590449	-0.091862	-0.029634	-0.678623	-0.634355	-0.490444	-0.677352	-0.592298	3.81737	-0.657769	-0.407741	-0.660862	1.46143	-0.513983	4.99148	-0.678526	-0.508495	0.937906
JRKL	-0.590184	-0.929341	-0.939	-0.933324	-0.558491	-0.872866	-0.981238	-0.976893	-0.882353	-0.870105	0.07978	2.2164	-0.746333	0.142656	3.83338	-0.944928	-0.837035	-0.006628	-0.850128
CDSN	-1.24572	-0.797552	-0.960812	-1.19255	-1.14989	3.06304	-0.542956	-0.959122	-1.19656	1.69922	-1.27563	-1.30667	-1.01439	-1.14117	-0.505043	-1.30627	-1.19382	-0.917179	-1.30809
FGR	-0.601949	1.10629	0.730468	-0.574349	-0.30078	0.130162	-0.67323	-0.653658	-0.327391	5.50472	-0.374602	0.775188	-0.595045	0.614771	-0.390329	2.03858	-0.611321	-0.080566	-0.650988
CRH	-0.919965	6.58046	-0.60879	-0.595613	-0.821872	-0.842642	-0.896857	-0.91959	-0.819176	-0.782926	3.60142	0.350935	1.00033	3.33419	1.08768	-0.845542	0.217496	-0.869995	-0.750466
CDIPT	-0.073198	-0.669345	-0.988606	-1.08869	-0.925047	-1.09762	-1.12144	-1.12236	-0.76075	-1.1216	-1.06136	-0.947773	-1.01494	-1.03961	-0.645557	-0.698719	-1.10611	-0.949994	-0.679913
WASPIP	0.237753	0.077388	-1.10714	-0.862876	0.620449	-1.11084	-0.644894	-0.144141	-0.546739	-0.827933	-0.639703	-0.842888	0.060408	-0.208785	-0.728607	-1.11092	-0.989568	-0.995899	-0.96914
VARS	-1.5517	-1.19942	-0.663648	-0.492969	-1.49226	1.87845	-0.769923	-1.54154	-1.35902	-1.11845	-1.73782	-1.4325	-1.60059	1.23551	-1.5113	-1.13125	-1.49099	-1.61583	-1.74428
SPAR	-0.417366	-0.602148	3.0526	-0.030914	-0.575896	3.12162	4.43398	-0.591455	-0.396934	0.812351	0.271884	-0.12516	-0.595166	0.892899	-0.599547	-0.565146	-0.036042	0.623798	-0.431823
SAFB	-0.125923	-0.537279	-0.362762	-0.10866	0.88697	-0.13654	1.38918	-0.452934	0.861045	0.480181	0.907725	-0.235467	-0.17592	1.71533	-0.130391	-0.565182	-0.127598	0.027815	0.076071
JUN	-1.3961	-0.803024	-0.617603	-1.46217	-1.35697	-0.691179	-1.4452	-0.810293	-1.16568	-1.32089	-1.09189	-0.11416	-1.44411	-1.28658	-1.40356	-1.28588	-1.44724	0.77135	-1.35244
IQCC	-0.09025	-0.737086	-0.709056	-0.231343	-0.664241	-0.630382	-0.082869	-0.74074	-0.171009	0.044286	0.722906	2.79489	-0.112245	-0.746331	0.464044	-0.601712	1.14717	0.549976	-0.20837
RHCE	-0.695321	-0.818503	-0.353263	-0.745991	-0.615382	2.19599	0.571141	-0.256274	-0.194404	4.31433	-0.451226	-0.783918	3.32009	-0.82055	-0.51334	1.9384	-0.806479	-0.730384	-0.39187
FCAR	-0.785823	-0.767788	-0.721372	3.26343	-0.606771	4.3985	-0.708308	-0.390513	-0.668558	-0.059712	0.116281	0.395707	-0.709399	0.111147	-0.763678	-0.705114	-0.271824	-0.731055	-0.770428
BCAN	-0.514685	-0.453073	-0.501517	0.023107	-0.504494	0.442661	-0.335853	0.322779	-0.461775	-0.435802	-0.329713	-0.502866	0.14045	1.32435	2.33731	-0.507478	-0.485051	1.78082	0.015305
CNTF	-0.297882	-0.250687	-0.400048	0.769777	-0.252701	7.45351	0.775831	0.695626	0.157266	1.24836	-0.538252	-0.319832	0.197049	-0.53951	0.106954	-0.572767	0.160617	-0.566029	-0.035798
DLD	-1.40822	-1.41324	0.612475	-1.37815	-0.710364	-1.23032	0.487995	-1.37883	-1.36043	-1.28904	-0.169398	-1.41741	-1.08596	-1.22342	0.078151	-1.31008	-0.874083	-1.31939	-1.3817
JMY	-1.90379	0.167494	-2.03272	0.257089	-1.95938	-1.49836	-1.48403	-1.88405	-1.78534	-2.02205	-1.21065	0.961806	0.258134	-1.93253	0.481996	-1.74911	-1.92495	-1.96484	-1.7923
ITPKA	-0.33784	-0.212588	-0.050637	-0.309506	-0.175898	-0.311529	-0.286391	-0.350155	-0.30672	0.878121	7.2103	-0.347944	-0.173879	-0.340865	0.131238	-0.253408	-0.351442	-0.351339	0.087794
TXN	-1.73964	-1.74297	-1.01028	-1.39028	-1.39967	-1.26311	-1.22382	-1.7425	-1.09105	-1.55547	-0.444255	-0.905646	-1.51493	-1.30994	-0.522357	-1.74241	-1.74236	-1.57366	-0.964055
AQR	0.206017	-0.686699	-0.659496	-0.686241	-0.481508	0.730513	-0.24464	0.764377	-0.56111	-0.361768	-0.525163	-0.29408	-0.394339	-0.56558	1.59969	-0.640483	-0.665369	-0.019986	-0.616515
OSTBETA	-0.392809	-0.655604	-0.691414	-0.701182	-0.71015	-0.674067	-0.679435	-0.700372	0.007992	-0.548353	-0.710206	-0.613634	-0.325214	-0.673125	-0.102707	-0.42848	-0.705209	-0.419552	-0.706228
CTBS	-0.818866	-0.798662	-0.553013	0.516307	-0.606653	-0.779805	-0.803513	-0.783771	-0.745501	-0.749834	-0.267493	1.48124	-0.822256	-0.817374	-0.82291	-0.478955	-0.814045	1.25517	-0.292306
MLXIPL	-0.714225	5.69643	-0.740492	-0.809831	-0.886914	-0.382496	-0.511567	-0.722989	0.316308	-0.430528	0.394501	2.63666	0.247594	1.3502	1.45961	1.04435	2.03669	-0.879592	-0.557277
MLX	0.293664	0.182825	-0.100083	-0.456455	-0.579639	-0.575158	-0.586078	-0.517179	0.249001	-0.576274	2.87599	2.83302	-0.504345	1.88611	-0.477494	-0.454014	-0.523929	0.157204	-0.53848
CS	-0.366063	-0.705666	-0.527845	0.370306	-0.718132	2.24611	-0.714873	-0.387463	-0.023432	-0.452301	0.037968	-0.728268	-0.540299	-0.743343	-0.50015	0.27883	0.45221	-0.098499	-0.241684
COBL	-0.289346	-0.98586	-0.976196	-0.470912	-0.967333	-0.959715	-0.695256	-0.865938	0.746104	-0.988901	2.56696	-0.777902	-0.963239	0.578732	-0.973775	-0.907854	-0.018183	-0.991068	-0.546225
ZPBP	-0.447077	-0.767728	-0.416589	-0.472654	-0.462791	-0.186456	-0.151107	-0.533566	1.04123	0.728423	-0.476992	-0.74538	-0.773133	-0.478536	1.0831	-0.318553	-0.717788	-0.263045	-0.469838
ICMT	-0.36546	-0.447466	-1.04417	-0.422332	-1.00455	-0.584929	0.300454	0.196609	-1.11502	-1.10764	-0.690251	-0.914022	-1.14348	-0.861072	-0.773614	-0.069297	-0.945151	-1.08086	-0.797982
LFNG	-0.819555	-1.39856	-0.852328	-0.039721	4.02789	-1.34394	-0.576916	-1.25396	-1.36283	-1.40562	-1.19372	-1.19178	-0.223696	-1.41308	-1.15372	-1.41107	1.63832	-0.878433	-0.372879
BMPER	-0.730482	-0.747206	-0.33435	0.03369	-0.651703	1.03476	2.87658	-0.642889	-0.431761	-0.345569	-0.707975	-0.746104	0.31259	-0.426476	-0.641329	-0.351741	-0.74425	-0.693401	-0.134397
PTGFRN	-1.67818	-1.54674	-1.14862	-1.33986	-1.52366	-1.51568	-1.67771	-1.64274	0.485117	-1.04458	-1.6657	-1.67591	-1.51561	-1.32546	-1.33359	-0.327749	-1.58706	0.478142	-1.19489
NCALD	0.216641	-0.392015	-0.598031	-0.248752	0.666463	0.098727	-0.670986	-0.647671	-0.588224	4.91721	0.245025	0.127047	-0.6662	-0.63525	0.211429	-0.44996	-0.357123	-0.552206	0.560247
TPPP	-1.58003	-0.996043	-1.49468	2.25725	-1.56214	-1.03551	-0.587261	-1.55828	-1.00668	-0.774864	-1.42224	-0.568009	-1.34774	-1.18774	0.44468	-1.55815	1.71844	-1.51529	-1.58026
HNRPAB	-1.72523	0.536646	0.385681	0.44116	-1.50828	-1.75571	-1.74747	-1.09936	-0.067439	-1.69744	-0.798263	-1.81589	-1.85964	-1.79128	-1.50016	-1.82024	-1.86605	-1.18065	-1.30385
FAS	-0.415685	-0.824091	-0.843914	-1.03353	-1.26707	-1.01186	-1.16205	-1.20931	-1.01123	-1.19805	-0.965591	-0.994916	-1.2711	0.133861	-1.1958	-1.06476	-1.26834	0.213422	-1.18472
MARCKS	-1.21797	0.15918	-1.34022	-1.28051	-1.34811	-0.860599	1.19833	-1.35831	-1.34447	-0.98925	-0.351527	-1.35944	-1.3421	0.006716	-0.914261	-1.10679	-0.559452	-0.23844	-1.26614
UBC	-2.12859	2.47036	-2.1154	-0.925094	-2.08404	-1.15003	-0.227401	-1.96613	-0.698616	-1.29917	-0.306061	0.376059	-2.0507	-0.904224	0.912197	-1.8733	-1.79228	-0.185137	-1.98341
UCRC	-1.19994	-0.87693	-1.04888	-1.0083	-1.03371	-1.01373	-1.13922	-0.089268	0.695825	-1.16972	-0.519679	-1.1629	0.343881	-0.994061	-0.076356	-1.07165	-0.882324	-1.14055	-0.952441
HARS	1.04869	-0.380082	-0.737114	-0.637418	-0.707836	-0.38114	-0.758994	-0.827201	-0.711785	-0.946687	1.44647	-0.923483	-0.413672	0.13141	-0.610034	-0.777172	-0.200675	-0.922884	-0.759866
RDX	-1.02183	-1.23871	-1.17394	-1.2686	-1.23767	-0.60303	-1.20587	-0.371907	-1.02676	-1.22811	-1.17274	-1.17286	-0.914116	-0.770686	-1.28816	-1.18295	-1.28202	-0.025047	-1.29086
PIGM	-0.057084	-0.79928	-0.816511	0.231151	-0.755649	0.1507	-0.593847	-0.732014	-0.661562	-0.676085	-0.7276	-0.658571	0.477894	-0.594395	-0.646128	-0.176059	-0.745189	2.70299	-0.804152
STRC	-0.452752	-0.638775	0.293512	2.69181	-0.56277	-0.505953	-0.630061	-0.641209	-0.105175	0.103621	1.25653	4.68723	0.16275	-0.153288	0.910956	10.0395	-0.525261	-0.64415	-0.505914
ASCIZ	-1.04901	-1.14329	-0.893805	-0.867826	-0.562929	0.683658	-0.959501	-0.929676	3.00084	-1.12386	-1.13275	0.542526	-1.09606	-0.843858	-0.998968	-1.03308	-1.05012	-1.13361	-0.50337
AVP	-0.552271	-0.217089	-0.624312	-0.650843	-0.652548	-0.23514	-0.450645	-0.627216	-0.351599	0.347514	-0.18187	1.07621	3.70844	2.0944	-0.533609	1.24981	-0.480695	-0.639195	0.792054
NBN	-1.47853	-1.20015	-1.48005	0.419266	-1.51222	-1.51863	-1.44994	-1.14291	-1.52003	0.004614	-1.17627	-1.13345	-0.777715	-1.44389	-1.38654	-1.45589	-1.48226	-1.22728	-1.50544
ACLY	-0.917449	0.31325	-0.979139	2.08927	0.079322	0.203413	1.21833	-1.08197	3.39989	-0.694386	3.39106	3.02375	-0.211512	4.19813	4.47765	-1.04026	-1.0518	-0.765173	-0.828901
TRIO	-0.552118	-0.130172	0.077937	-0.214524	0.288279	0.215287	-0.442806	-0.526664	-0.382915	-0.345886	-0.276723	-0.270355	-0.186255	0.380992	-0.548418	0.168974	-0.17197	0.655841	-0.297607
PTPRM	-0.668141	-0.689521	1.88612	-0.585749	-0.624024	0.219559	-0.610377	-0.690061	-0.615906	0.678031	1.66184	0.420142	-0.502609	1.46449	-0.219641	-0.663276	-0.073404	-0.470768	-0.687193
PILRA	-0.599363	-0.694517	-0.644121	1.45084	-0.266075	-0.118464	-0.503549	-0.881825	4.22334	-0.799576	-0.664541	0.269214	-0.290339	-0.871578	-0.800477	-0.226029	-0.401797	-0.664885	-0.829402
HCCS	-0.079185	0.312682	-0.807931	-0.758921	-0.435358	0.519538	-0.674626	-0.731763	2.89823	-0.38894	-0.795543	-0.300829	1.03289	-0.452845	1.23385	-0.735111	-0.621532	-0.104974	-0.782716
OTOR	1.27596	0.194275	-0.54531	-0.387407	2.01756	-0.174693	-0.203236	-0.665283	1.61504	5.51138	0.087884	0.583826	-0.409699	-0.669995	0.227735	-0.215654	-0.683277	1.68344	1.55503
CHDH	-0.878925	-0.784158	-0.978148	-0.323136	-0.961929	4.22372	2.24493	-0.045141	0.58888	-0.981282	-0.030774	0.026774	-0.839941	1.30158	-0.32119	-0.790498	-0.671226	-0.698242	0.064167
CHRNG	-0.37649	1.32606	-0.406291	-0.386132	-0.471836	-0.577271	-0.733411	-0.803588	-0.809708	-0.466827	-0.372936	-0.766207	-0.485037	4.34033	1.92397	-0.759602	-0.772072	-0.597882	-0.782323
AATF	1.89853	-1.09052	-0.933355	0.117777	-1.08954	0.068748	-0.893187	-0.587366	-0.911557	-0.990365	-0.492179	3.56836	-0.763477	-0.312049	0.159713	-0.801572	-1.09841	-0.435439	-0.034164
HEXB	-0.898528	-0.305626	-0.963648	-0.968688	-0.964786	0.397843	-0.925221	-0.97292	0.267263	-0.730747	-0.518426	-0.050447	-0.288107	-0.936359	-0.879011	-0.956866	0.028575	0.413412	-0.897459
WWOX	0.536213	-0.229039	-0.21312	-0.088202	-0.101413	1.53557	0.753243	-0.230002	-0.210772	-0.186629	0.73746	-0.270925	-0.082068	0.50194	-0.232254	-0.275522	-0.27787	1.85571	-0.163153
NNT	0.025763	-0.7295	-0.696422	-0.706326	-0.73145	0.533818	-0.509744	-0.506644	-0.734371	-0.627453	-0.076873	-0.728278	-0.238857	-0.536533	0.300102	-0.427674	-0.620627	-0.489046	-0.169722
AVEN	0.387142	-0.957982	-1.13614	-0.975771	-1.13247	-0.59011	1.18986	-0.841085	-0.835698	0.757236	-0.720935	-0.983357	-1.13608	-0.846689	-0.074008	-0.422674	-0.740168	-0.857365	-1.07943
PAPOLG	-0.256904	-0.367206	-0.356124	-0.357336	-0.096163	1.13436	-0.362661	0.03358	-0.301457	0.737957	7.45768	-0.348528	3.32678	-0.298591	2.24841	-0.370992	-0.368275	0.320404	-0.369255
HRASLS	-0.750597	1.5644	-0.92149	-0.468486	-0.738547	3.73623	-0.943239	-0.623944	-0.944514	0.454497	0.04012	4.10488	-0.921252	3.96764	6.9035	-0.451654	-0.403801	-0.799447	-0.91589
PAPPA	-0.101928	-0.452388	0.412904	0.001244	-0.084974	-0.499082	0.865798	-0.531789	-0.287882	-0.136961	-0.258149	0.27357	-0.109249	0.751341	-0.352049	-0.494255	1.07874	-0.438508	-0.522666
ABR	1.54142	0.020356	-0.177018	-0.74899	-0.804235	0.081162	-0.782719	-0.521691	-0.73469	0.864124	0.780272	-0.807017	0.4361	0.805366	-0.800953	-0.557843	-0.620356	0.22405	-0.114833
SQLE	-1.68597	-0.168232	-1.61811	-1.07545	-1.40262	-0.874294	-0.604633	-1.61613	0.102667	-0.522882	-0.252669	1.26452	-1.58405	-0.879043	-0.632026	-1.63787	-1.6839	-0.141685	-1.06009
LYZ	-0.498564	-0.143517	0.390684	-0.423123	0.332063	1.19466	-0.368149	0.119084	-0.048456	1.55244	-0.415948	1.2972	-0.512005	0.159294	-0.534527	-0.361036	-0.535806	-0.509808	0.182625
EDNRB	-0.229225	-0.390605	-0.287998	0.250839	-0.39066	-0.226528	0.299416	-0.277639	-0.219955	-0.19831	-0.346382	-0.407957	0.600735	1.1595	-0.38591	0.101113	-0.363921	-0.389045	-0.392018
HUNK	-0.248335	-0.414565	-0.805377	-0.78088	-0.597399	-0.762569	-0.542133	-0.576074	0.558705	0.32916	-0.403285	-0.416093	-0.200074	-0.734529	-0.418211	0.966062	-0.598783	-0.773891	-0.713889
PFKM	-1.37165	-1.77746	-0.902524	-1.35063	-1.71729	0.486617	-0.919355	-1.74303	-1.68019	-1.07927	-1.75936	-1.7834	-1.63865	-1.76354	-1.69923	-0.769637	-1.63678	-1.70535	-0.773636
SNRPG	-1.07529	2.17228	-1.05017	-0.999941	-1.12005	-1.20179	-1.26501	-1.04618	1.60922	-1.2024	4.08349	0.932109	-0.7446	-0.333838	6.07314	-1.26449	0.70313	-0.03485	-0.650545
BTD	-0.617932	-0.077898	1.66909	1.77834	-0.582834	-0.759294	-0.31442	-0.352981	-0.12465	-0.417027	-0.417319	-0.501527	1.16013	-0.754197	3.52622	-0.578113	-0.704987	-0.700589	2.04149
TYROBP	-0.205801	1.48868	0.257247	1.05427	-0.267822	-0.430515	-0.456355	-0.398912	-0.205848	0.133036	0.806729	-0.366285	-0.449634	-0.31635	0.162632	0.253686	-0.127407	-0.440184	0.08486
FANCA	-1.56714	-1.47137	-1.55259	-1.14727	1.59679	-0.570044	-1.57533	-1.57647	-0.485876	-1.02272	-0.987071	-1.58135	-1.50057	-1.03931	-0.940424	-1.54351	-1.58013	-0.000275	-0.860244
PIP	-0.680861	-0.209987	0.183012	0.257531	0.596737	-0.565883	-0.208645	-0.567966	1.17633	-0.680834	-0.653808	-0.541744	1.64048	0.87505	-0.293555	0.247249	-0.679916	-0.537431	4.92152
PDPN	-1.23694	-1.34606	-0.214513	-1.37551	-0.448833	-0.6892	-1.23576	-1.37	0.131888	2.35863	-1.17046	-0.913003	-1.25839	-0.571115	0.165021	0.103029	-1.35682	-0.321345	-1.20029
BLVRB	-1.16499	-0.024133	-1.04674	5.53227	-1.44447	-0.347763	-1.16653	-1.57083	4.2022	-1.24649	5.45543	-0.122027	-1.50187	2.42171	4.13445	-1.58411	-1.25241	-1.48309	-1.58113
FCGRT	-0.98958	6.4241	-0.97803	-0.799391	-1.01123	0.508967	1.47179	-0.890908	-0.255038	-0.721512	-0.555065	1.13849	-0.572238	-0.134533	-1.02221	-0.947195	0.380106	-1.01894	1.5285
GART	-0.846258	-0.52374	-0.347303	-0.646758	-0.933188	-0.489976	-0.32997	-0.716359	-0.457454	-0.011936	-0.888244	-0.351213	-0.24024	-0.315425	-0.654982	1.36077	-0.962853	-0.49287	-0.95559
BNIPL	-0.682184	-0.762628	0.353669	-0.335446	-0.716303	1.63918	-0.763041	-0.748289	0.319594	-0.487912	0.331451	1.63162	0.528409	1.19576	-0.721689	0.609159	-0.761443	-0.498435	-0.615498
GAPDH	-1.24764	-1.51612	-0.701498	0.166902	-1.42109	-0.94007	-0.709362	-1.4428	0.198413	-1.51826	-1.5106	-1.48049	-1.48611	-1.30238	-1.38837	-1.23249	-1.05468	1.02514	-0.584145
TNMD	-0.6794	-0.701831	-0.677721	-0.387144	-0.183803	-0.694102	-0.695139	0.472551	-0.070289	-0.566029	-0.631553	-0.693952	0.146488	-0.712838	-0.221911	-0.075683	-0.517283	-0.427747	-0.32955
PIGY	-1.01504	-0.200761	-0.637943	-1.41932	-1.39816	-0.977213	-1.10099	-1.42793	-1.06872	0.225432	-1.26461	-0.895312	-0.887926	-0.81967	-1.14908	-1.50171	-1.4614	-1.42737	-1.39283
LRBA	-0.508858	-0.496902	0.487943	0.421404	-0.331429	0.082121	1.23575	-0.208702	0.626807	1.06057	0.16103	0.040156	-0.279139	0.293121	-0.059883	-0.33829	1.06513	-0.454266	1.07533
SPRN	0.024391	-0.424771	0.246337	-0.438924	-0.448635	0.510254	0.00225	0.192719	-0.353544	0.049153	-0.435254	0.790741	0.160235	3.10744	-0.4109	-0.151637	0.357576	-0.231357	-0.27756
MYB	-2.00455	-1.91633	-0.441679	5.3512	-1.03272	-1.99492	-1.98992	-0.09345	-1.82254	-1.79039	-0.751853	-0.899595	-1.95171	-1.06177	-1.98793	-1.99644	-1.88309	-1.8998	-1.69609
CLPB	1.96414	0.126438	-0.986611	-0.156683	0.176056	0.013774	4.00053	1.10698	6.26545	-1.02778	3.18337	-1.02572	-0.82749	0.405665	-0.615564	0.365829	1.03524	-0.92447	-0.349508
NADK	1.96892	0.960997	-0.530627	0.259623	-0.534353	0.104526	-0.610161	1.25494	1.92065	0.779467	1.73894	0.100848	-0.405388	-0.5997	2.98665	0.275251	-0.371305	-0.360401	-0.336119
OGDHL	-0.962132	-0.863647	-0.961726	6.59624	-0.824649	3.80144	-0.380166	-0.359548	2.69121	10.6771	-0.414543	2.93123	1.69908	-0.678537	-0.615986	-0.659862	-0.959363	1.33087	-0.95567
MAX	-0.363286	-0.27338	-0.415286	-0.550535	-0.357223	0.17251	0.235509	0.616648	-0.035433	-0.521811	-0.305734	-0.419232	-0.515919	-0.539367	-0.545617	-0.113324	0.075427	-0.350469	1.5153
FGG	-0.666098	-0.669945	-0.485354	-0.462906	0.168552	-0.318604	-0.771202	-0.637399	3.03119	0.569142	-0.380805	0.456788	-0.799008	9.91442	-0.803172	-0.785898	1.5739	1.95357	1.55346
ALB	-0.75179	-0.064474	-0.567178	-0.855016	0.541484	0.024018	-0.751637	-0.854549	-0.822601	-0.747874	0.12681	-0.190235	-0.836086	-0.270985	-0.186007	-0.850004	-0.781245	-0.594667	-0.482169
LITAF	-0.765612	2.41538	-1.10014	4.98453	-0.987257	-1.00006	-0.855396	-0.918661	3.54347	0.63851	-1.08488	-0.957577	-0.9914	1.34958	0.497495	0.810828	-1.10186	-0.989563	-0.943751
SHBG	-0.754541	0.83768	-0.83225	-0.76662	-0.76476	-0.341826	-0.820442	-0.718428	-0.837496	1.49033	0.31699	-0.067318	-0.753346	-0.38997	-0.60888	-0.728429	-0.830002	-0.672159	-0.062766
PURG	-0.608551	-0.50257	-0.346955	4.17701	-0.335305	0.16975	-0.598556	2.91848	-0.404464	0.036574	-0.377394	0.296188	-0.286378	-0.621048	-0.488392	2.3542	0.50258	-0.597586	-0.538008
CRK	-0.308926	-0.440816	-0.531593	-0.575265	-0.206053	-0.574701	-0.186342	-0.474347	-0.575407	-0.381384	-0.462558	-0.437807	0.370171	-0.095895	-0.50276	-0.572246	-0.44306	0.212195	-0.574471
MOG	-0.73841	-0.677908	1.82909	-0.771197	-0.974312	0.101356	-0.847115	0.785868	-0.311928	0.009699	-0.917129	-0.66609	-0.966774	-0.887915	7.73873	-0.975535	0.030314	2.02373	-0.11063
SNRPA	0.338905	-0.229069	-0.723396	-0.844726	-0.864839	-0.58965	0.47395	-0.85045	-0.314068	-0.860613	4.2642	0.181934	-0.336553	-0.450791	3.5344	-0.149225	-0.775366	-0.734252	1.16505
DENR	-0.849974	-1.16904	-0.958454	-1.12386	-1.17812	-0.623096	-1.00456	-1.11037	-0.857879	-0.675076	-0.909108	-1.22742	-1.22524	-0.875696	-0.50396	-1.03105	-1.26689	-1.24989	-0.851083
HRBL	-0.83481	0.715573	1.53488	-1.07686	-0.606337	-0.451724	4.9159	-0.759473	-1.07606	-0.74132	1.80761	-0.786782	0.010848	8.33907	0.358732	-0.923576	-0.949146	-1.04536	-0.755799
ASL	-0.361825	-0.021799	-0.401422	-0.496488	-0.458516	-0.457524	-0.420975	-0.551711	2.21236	0.815202	-0.423287	-0.007637	0.083841	-0.312201	-0.36006	-0.547456	-0.564675	-0.564184	-0.442726
CASK	0.263697	-0.469264	-0.47416	1.85488	-0.195826	-0.458927	0.021193	-0.47198	2.00613	0.519875	-0.48946	-0.289241	-0.442995	0.72521	2.82985	-0.484866	-0.47118	-0.344867	-0.383773
EREG	-1.7186	-2.08252	-2.05486	-1.29487	-2.08579	1.94484	-1.74055	-2.12262	-1.61041	-1.47672	-1.93342	-2.0965	-1.5832	-1.90292	-2.05084	-2.12035	-1.77518	-1.82238	-2.09732
IHH	-0.645372	-0.524074	-0.536758	-0.30645	-0.266908	3.56047	-0.377603	-0.645559	-0.606075	1.68774	0.911423	-0.625673	-0.129018	1.51967	-0.603429	-0.645571	0.351627	-0.128231	-0.645594
IVD	-0.79713	2.61516	-0.705402	-1.0183	-1.04875	-0.979609	-1.04656	-0.013674	-0.985022	0.518279	0.475021	-0.630726	-0.903001	-0.626275	-0.706425	-1.02493	-1.04253	5.24032	-1.03363
ARHGDIG	-0.406046	-0.32903	0.194885	0.642812	-0.317472	0.274453	-0.225948	-0.12524	-0.188375	-0.371456	-0.185721	-0.316334	-0.395251	0.611199	0.38735	-0.161064	0.49024	0.302171	-0.182986
RHOV	-0.427395	-0.384654	-0.499598	0.62103	-0.060422	-0.925514	-0.927476	0.204903	-0.87413	-0.803146	-0.237224	-0.861964	-0.694268	0.644296	-0.818184	0.507771	-0.892061	-0.323837	0.20937
PLTP	-0.36489	-0.199347	-1.30702	-1.2908	-0.526759	-0.450421	-0.756349	-0.434961	-1.0267	0.231503	-1.2988	-1.01484	-1.32435	-1.24756	-1.32102	-1.23778	-1.24757	-1.32026	-1.22211
HYMAI	1.17469	0.854036	-0.441345	4.67058	-0.160392	-0.182451	1.28012	-0.811287	0.352487	2.92866	-0.405491	-0.779862	-0.415957	8.24044	-0.470726	2.7067	-0.638941	0.297974	2.36072
CHM	0.265523	-0.720285	-0.519638	0.363187	-0.009045	-0.500043	0.978813	-0.347173	1.94248	-0.734354	-0.294373	-0.214224	2.42219	3.75476	-0.168784	-0.224349	0.740098	-0.742622	-0.484572
APOF	-0.053512	-0.097535	-0.218887	0.028998	-0.194484	-0.210517	-0.254883	-0.2788	-0.190684	0.210146	0.497484	-0.268989	0.588928	0.283571	0.673061	-0.275076	-0.02976	0.19291	-0.260387
ACD	-0.666974	-0.246765	-0.705962	-0.74082	-0.467243	-0.759541	-0.530559	-0.760497	0.927735	0.107927	-0.611591	-0.759814	0.004246	-0.098432	-0.754247	-0.564843	-0.650159	-0.687212	-0.716312
EMCN	-0.52276	-0.352852	-0.381224	-0.562261	-0.477272	3.64339	-0.551376	-0.558317	0.056884	-0.520967	-0.3572	-0.391586	-0.221696	-0.560975	-0.280907	0.853503	-0.078873	-0.317334	-0.462493
SELP	-0.678766	-0.810466	0.074426	-0.214033	-0.708777	0.305086	-0.819175	-0.524226	-0.651157	-0.931368	4.00546	5.80322	-1.05304	11.2917	-1.08088	-0.47259	-0.820657	-1.07718	-1.06426
MCC	-0.956497	-0.30402	-1.28428	1.20967	-1.02363	-1.40288	-0.043963	-1.19983	-1.39484	0.144992	-0.268277	0.602697	-1.36321	-1.26164	-1.21457	0.778402	0.954664	-1.32042	-0.019346
GYPC	-0.496207	-0.063389	-0.679138	-0.539278	-0.676717	-0.521711	-0.454169	0.040781	1.04454	-0.6255	-0.237965	-0.598457	0.266059	1.50593	-0.443286	-0.685923	-0.644648	-0.566906	-0.458608
PNMT	-0.410418	-0.475783	-0.291085	-0.444994	-0.470019	-0.202848	-0.07206	-0.428672	0.48828	5.69863	0.078183	5.82866	0.250942	14.7709	-0.477032	-0.476806	-0.304618	0.426744	-0.468565
RGN	0.606743	-0.598682	-0.268233	4.72698	-0.506124	0.895335	4.05856	1.54406	-0.428044	-0.387458	1.56951	-0.213945	0.40822	-0.585668	3.27538	-0.440858	-0.592094	-0.309037	-0.025948
NAPB	-0.652075	0.889018	0.952725	-0.904043	-0.728505	-0.633311	0.760979	-0.901318	-0.893053	-0.829111	0.043119	-0.252551	-0.056211	-0.821365	-0.090005	-0.895939	-0.558458	-0.864086	-0.467522
PARVA	-1.06745	-0.555996	-1.06481	0.218448	-0.758813	-1.05988	-0.058713	0.614554	0.215348	-0.030537	3.61944	-1.06404	-0.545267	0.732987	3.08432	0.620616	-1.04422	-0.068387	-0.988276
RABEPK	-0.633993	-0.815124	-0.632958	-0.829833	0.333102	4.2096	-0.804256	1.59205	0.366271	-0.796923	-0.820466	1.07576	4.8857	0.916136	-0.04254	-0.690218	-0.39062	-0.484633	-0.828701
NMI	-0.869096	-0.823342	-0.972166	-0.406111	-0.941714	0.834286	-0.974377	-0.966359	-0.461318	0.265974	-0.156091	-0.894401	-0.176211	-0.592001	-0.974691	-0.974706	-0.470506	-0.931472	-0.205804
CENPN	1.66354	0.662336	-0.952072	-0.755655	0.504495	0.69141	0.494317	-0.937247	-0.579708	-0.92437	-0.881904	-0.67036	0.205209	-0.479802	-0.627348	-0.943546	-0.705021	-0.942772	-0.33418
GALT	-1.09028	2.47473	-1.25629	1.04844	1.10689	-1.32872	-0.874554	-1.43811	-1.43466	-1.0554	0.163946	-1.32351	2.30668	-1.34181	-1.0338	-1.27498	-1.26504	-1.45933	-0.934665
GRPR	0.018556	0.193517	-0.202582	-0.365958	-0.494094	-0.3051	0.21588	-0.397487	0.389498	-0.136213	-0.580786	-0.088842	-0.572572	-0.59014	-0.058728	-0.287854	-0.604148	-0.593226	-0.361725
CHGA	1.14146	-0.245443	-0.765536	-0.621654	0.093399	1.91155	-0.320143	-0.601502	0.207775	-0.710215	-0.726648	0.520396	0.045484	0.873616	-0.539245	-0.737569	0.262966	-0.726983	0.551704
WRB	-1.56122	-1.31021	-1.56323	-1.05246	-0.931698	-1.30479	-1.55814	0.495486	-1.36201	-0.336051	-1.56449	1.66739	-1.36156	-1.43063	-1.13152	-0.131169	0.712028	-1.54372	-1.52786
MSRA	-0.761756	-0.143456	-0.172427	-0.258507	0.019118	-0.087747	-0.259464	0.113751	-0.383824	-0.599654	-0.771817	0.029875	-0.735146	-0.784027	0.296335	-0.276647	-0.173195	0.547839	-0.762457
PSPH	-1.465	-1.33841	-1.19907	-1.03106	-1.09684	-1.37467	5.08058	-1.38538	-1.2393	-0.269943	-1.32313	-1.52026	-1.28168	-1.23912	-1.48051	-1.52069	-1.49426	-1.52052	-1.08914
CGA	-0.450146	0.47756	-0.600851	-0.353886	0.80025	1.65628	-0.4374	-0.613195	-0.269951	-0.457513	-0.598499	-0.389029	-0.590742	-0.580704	0.796405	-0.390594	0.000762	-0.442783	-0.399902
RBAK	-0.218858	0.246528	1.07869	-0.290672	0.073751	-0.077424	-0.25837	-0.289346	0.518347	1.3627	0.736399	-0.29314	-0.208194	-0.281778	-0.068436	-0.278872	0.049325	-0.17665	-0.251474
NDP	-0.619877	-0.131394	-0.658851	1.26149	0.851656	-0.190999	-0.274895	0.748806	-0.629818	3.33434	-0.046958	0.260372	0.620835	-0.096518	-0.621353	-0.635254	0.142222	0.188936	-0.214893
LDHA	-0.640991	-1.06483	-0.273584	-0.666542	-0.683233	-0.183288	-0.751756	-1.07143	-0.945694	-0.831674	-0.683501	-0.758822	-1.09954	0.643139	0.012111	-1.09919	-1.04246	-0.980619	-1.0997
POLL	0.453584	7.53554	-0.570188	-0.608452	-0.50405	-0.597266	0.006005	-0.133816	-0.623954	0.302149	-0.653927	1.78885	2.97561	-0.613905	1.22293	-0.210781	-0.530009	-0.615638	-0.628034
ILVBL	0.661678	-0.999905	-0.761129	-0.908547	-0.978707	-0.977001	-0.871355	-0.175443	-0.957533	-0.999035	-0.386094	-0.927609	-0.866778	-0.212254	-0.501452	-0.405734	0.344625	-0.379838	-0.691041
SVH	-0.604303	-0.57615	-0.096755	3.96148	-0.484614	0.995358	-0.617741	-0.389998	-0.269662	1.25788	0.055207	-0.574344	-0.61561	-0.316477	-0.53253	-0.415803	-0.607599	-0.564417	-0.362179
MVK	0.555968	-0.642792	-0.669447	-0.636237	-0.458937	0.485293	-0.670196	-0.596669	1.02563	-0.426632	0.713952	-0.255606	0.142779	-0.095559	-0.111919	0.425996	-0.32749	-0.634223	-0.135855
ECD	-0.836565	-0.704844	0.34115	-0.815131	-0.866063	-0.836267	-0.325658	-0.648572	0.062768	-0.763678	-0.865662	-0.724875	-0.456313	-0.437969	0.035188	-0.72826	0.088177	-0.827087	-0.739186
DTL	-1.44049	-1.44964	-1.14175	4.41589	4.22696	-1.46014	-1.25195	-1.3629	-1.04637	1.2886	-1.39213	-0.282234	-1.14284	0.443342	-1.50723	-1.35619	1.73689	-1.39634	-1.50255
SNRPC	0.391203	0.323876	-0.718608	-0.397248	-0.722654	-0.721518	-0.68568	-0.410695	0.958738	-0.540541	-0.691092	-0.64773	-0.723183	0.164147	-0.158018	-0.459697	-0.653303	-0.714115	-0.570525
LMLN	-0.660042	-0.220554	-0.334495	-0.351536	0.831962	-0.202392	-0.044966	-0.395074	1.03643	0.670694	0.361987	0.398604	0.014383	0.19231	-0.404228	-0.647137	-0.578162	-0.409793	-0.576985
OSMR	-1.14987	-0.270935	-0.594802	-1.25256	-1.2248	0.746121	-1.26467	-1.23454	-1.28155	-0.585181	-1.25728	-1.25347	-1.20242	-0.962484	-1.13233	-1.27811	-1.01549	-1.2663	-0.751473
POLH	0.095303	-1.06965	-0.164402	-0.250741	-0.819195	3.07561	-0.948019	-1.1725	-1.29507	-1.30294	0.136711	0.600375	-0.667921	-0.536071	0.978148	-1.05311	-0.333984	1.06984	-1.30164
PPCDC	-0.812416	-0.749265	-0.721086	-0.799307	-0.308516	-0.744857	1.28067	-0.808878	-0.771096	-0.58254	-0.729784	-0.15307	-0.723465	-0.691929	-0.722575	-0.813574	0.416523	-0.676245	0.417662
GPI	2.12171	1.39038	-0.936121	1.29831	-1.27082	-0.648122	-1.27946	-0.603906	-1.28304	0.440606	-0.955378	-1.28549	-0.705925	-0.347182	-1.1801	-1.20013	-1.08652	-0.677107	-1.27031
OAF	-0.588643	-0.206903	-0.160223	-0.485389	-0.82728	-0.628121	-0.032377	-0.822665	-0.047912	0.397678	-0.783697	-0.742938	-0.597947	-0.736821	2.88908	-0.803175	-0.147679	-0.825157	0.12758
VASN	-0.349746	-0.104147	-0.466923	-0.137497	0.515581	-0.515446	-0.259315	-0.274911	1.09708	-0.501259	-0.38412	1.21594	-0.41611	2.2766	7.02391	-0.260341	-0.345251	-0.513198	-0.502042
HEYL	0.849093	0.652098	-0.27411	-0.051748	-0.087606	-0.162671	-0.139315	-0.229785	0.78041	2.34143	-0.036198	-0.172431	0.255746	1.57892	-0.182763	-0.025341	-0.202452	-0.116725	0.443115
HELLS	-0.569029	-0.479296	0.1137	2.62873	0.272121	-0.533128	-0.423382	-1.00059	1.11817	0.308013	-0.178291	0.167045	-0.207258	0.468697	0.270543	-0.576404	-0.934636	-0.037903	-0.179032
PTS	-0.784971	-0.761701	-0.689971	-0.463714	-0.776135	-0.550719	-0.612184	0.272299	-0.821203	-0.613032	-0.811703	-0.60524	-0.821018	-0.821739	-0.725458	-0.452648	-0.094705	-0.735498	0.0532
RBPSUHL	-0.429795	0.237489	-0.299957	-0.392548	-0.108368	-0.376703	-0.330141	-0.328837	0.082258	-0.502022	1.45313	-0.450859	-0.313979	-0.350336	-0.004552	-0.480903	0.231019	-0.063389	-0.370736
PRELP	-0.083828	-0.158577	0.624622	-0.421655	-0.462197	-0.326919	-0.453056	-0.493242	-0.461306	-0.160291	-0.449231	0.126391	-0.229416	-0.000469	-0.433939	-0.393983	0.67229	-0.494314	-0.491819
GFER	0.314271	1.48972	-0.379368	1.08847	-0.758778	0.607674	-0.780956	-0.605889	3.50358	0.735744	0.127595	-0.34194	-0.801887	-0.346519	-0.424851	0.141336	0.253873	-0.612669	0.48383
GSR	-0.828876	-0.18378	-1.1134	-1.07791	-0.881392	-0.622868	-1.077	0.196239	9.25585	-0.643162	0.909327	-0.604678	-0.344366	-0.224011	4.63872	0.047555	-1.01298	-0.7537	-1.02908
LCT	-0.299431	-0.899798	-0.912034	5.90132	0.768156	1.58412	2.13244	-0.320767	-0.675929	0.119695	1.40746	-0.564823	-0.892281	9.52904	3.52681	-0.422429	0.578851	-0.637233	-0.675322
MRRF	-0.463903	-0.523576	0.284882	-0.514163	-0.309243	1.83032	-0.413236	-0.491524	-0.264532	-0.073759	-0.526516	-0.150025	-0.421276	-0.538605	-0.017028	-0.528185	-0.395998	-0.495405	-0.247509
MLCK	-0.580329	-0.579824	-0.326352	-0.566744	-0.552431	-0.578489	-0.409758	-0.472121	-0.553597	-0.568031	-0.379245	4.20233	-0.568937	2.46203	3.18902	-0.100626	-0.542002	-0.579038	-0.57702
RELA	0.33108	1.07388	-0.532079	0.688827	-0.075016	-0.659349	-0.633209	-0.594209	-0.457472	-0.146673	-0.49158	-0.521612	-0.358515	-0.630744	2.78096	-0.661434	-0.66126	-0.051983	1.02969
PHB	-0.851237	2.51727	-1.58112	-0.322114	-1.16231	0.852763	-1.52922	-0.02673	-1.37492	-1.59838	-0.577121	-1.59923	-1.49303	-1.61496	-0.12059	-1.38979	-0.546481	-1.61432	-0.447151
CLTB	-0.379155	-0.909544	-0.768016	-0.988635	-1.08697	-0.667277	-0.769749	-0.937707	-0.635659	-0.891028	-1.03403	-0.818683	-0.552912	-0.264768	-1.02991	-1.0249	-0.935849	-0.912448	-1.05083
LTK	-0.549809	-0.559345	-0.278665	0.218825	-0.13962	-0.097485	-0.162397	-0.068412	0.357547	-0.278571	0.983353	0.016814	1.65296	0.383444	1.05062	1.85758	-0.514904	-0.571119	-0.572397
ARSE	-0.132947	1.33049	0.02328	-0.215737	0.129209	0.593909	-0.114467	1.76418	1.5618	1.02831	-0.051066	-0.261936	0.042921	-0.272477	0.123673	-0.027512	-0.23355	-0.249933	-0.253772
PYCRL	0.70285	-1.04486	-0.97737	-1.05635	-1.05214	3.92069	0.435081	-1.03232	0.040535	-1.03764	-0.773678	-0.772648	0.478638	2.15932	-0.893036	-1.04333	-0.818068	-0.076088	0.450566
GALE	-0.82329	3.13578	0.409343	-0.480374	-0.716044	0.655454	-0.917888	-0.495698	0.530035	-0.90278	-0.632286	-0.62259	-0.336936	-0.670802	-0.668026	-0.452546	-0.82027	5.71447	-0.36214
INHBB	-1.49397	-1.50555	-1.27034	0.514093	-1.15273	-1.50056	-1.45194	4.26286	-1.2991	-1.43262	-1.50558	-0.971545	-1.44041	-0.859062	-1.03165	-1.39127	0.351844	-1.4097	-1.17756
SNIP	-0.006492	-0.447745	-0.15706	0.629571	0.297946	-0.631305	0.375582	0.109994	-0.035343	-0.081823	-0.3933	-0.284922	0.377904	-0.086292	0.918864	0.725015	-0.660129	0.12889	-0.227772
PRND	-0.472619	-0.283624	0.165623	-0.220042	1.9847	-0.605629	-0.092592	-0.605783	1.40636	1.00252	0.319683	-0.37285	-0.550457	12.0148	6.41469	-0.462142	-0.184576	-0.535048	-0.44449
DNER	-0.375706	0.260932	-0.120689	1.62835	0.688786	-0.299248	-0.253673	0.381441	-0.172603	-0.096058	-0.295345	0.016173	-0.394517	0.494583	-0.051212	-0.372239	-0.134556	-0.302856	0.233255
TFRC	-1.49137	-1.21033	-0.351216	-1.37698	-1.49197	-1.2602	-1.37845	-1.16976	-1.03575	0.003941	-0.061037	-1.25251	-1.24965	-0.891136	1.26863	-0.157762	-0.508099	3.45867	0.290238
NKTR	-0.518732	-0.497379	-0.730292	-0.54302	-0.315766	0.014366	-0.568022	-0.507815	-0.55952	-0.674697	0.368999	-0.7263	0.480621	-0.690972	-0.71802	-0.262051	-0.712042	0.428749	-0.636521
HNRPD	0.202434	1.12425	0.104711	0.143713	-0.294982	-0.402004	-0.389876	0.452751	-0.322466	-0.400908	-0.084265	0.419664	0.778937	-0.342385	-0.260314	0.039259	-0.270001	-0.268579	-0.425217
HEMGN	0.068781	-0.672198	-1.11106	-1.11741	-1.11236	0.891959	-1.04878	-1.10399	-0.780125	2.59745	-1.00441	0.960891	-0.268316	1.64413	4.585	0.122762	0.844099	-0.998649	-0.147803
LYST	-0.541335	-0.745814	-0.477939	0.080221	-0.754894	-0.728992	-0.021887	-0.496449	-0.729704	-0.574094	-0.529325	-0.54552	-0.75914	-0.65278	-0.657842	-0.644414	-0.758081	-0.759785	-0.463347
EVL	-1.77663	1.83291	-1.07624	-1.47685	-1.22355	-1.52324	-0.950754	-1.56213	1.43312	-0.317735	-1.71585	2.20213	-1.26984	-0.722285	3.44925	-1.25088	-0.79438	-1.31762	-1.42396
FUS	-1.39831	-1.36521	-0.818354	0.456438	-0.620237	-1.05508	-0.535117	-1.15742	-1.35532	-1.18997	-1.40263	0.951092	-1.39638	-0.566994	-0.82242	-1.20912	-0.8779	-1.40607	-1.16608
SYP	0.027726	-0.404944	-0.35834	0.417586	-0.090541	-0.418407	-0.397797	-0.289271	-0.287646	-0.284964	0.43978	0.823665	-0.021568	-0.130509	-0.416118	0.355077	-0.37102	0.305836	0.034204
OMD	-0.197547	8.43764	-0.089166	-0.302249	-0.252959	0.100623	-0.296074	-0.25706	2.41172	2.22415	0.328932	-0.254527	-0.318354	0.161195	-0.366046	-0.123181	-0.320971	0.173943	-0.057412
OSTALPHA	0.086146	-0.5171	-0.249272	-0.121337	-0.151905	-0.50118	-0.515488	-0.435462	0.40582	-0.08763	0.024763	-0.186596	2.56776	-0.300349	0.66357	-0.517087	0.105703	-0.514249	0.812545
SBEM	-0.614576	-0.522939	-0.610972	-0.598127	-0.332509	-0.431361	0.259311	0.163779	-0.599153	1.44138	-0.565445	-0.265736	-0.318559	-0.119252	0.821	1.30787	2.13605	-0.606682	1.21955
SRF	0.973957	-0.349843	0.308196	0.749363	-0.471924	-0.488061	-0.276602	-0.121353	4.81349	-0.458667	-0.331646	-0.434254	-0.080795	-0.544703	-0.544446	-0.537267	-0.493244	0.249985	-0.487845
CRYGD	0.084842	-0.331996	0.078238	0.232492	-0.279005	3.76907	-0.308085	0.379784	-0.506309	2.75648	-0.433239	-0.522465	0.340171	-0.167564	2.50658	-0.518595	0.999594	0.069776	-0.335207
FAP	-1.04425	-0.138142	-0.98385	2.38798	-0.327763	-0.796441	0.08134	-0.527377	-1.04547	-0.957477	-1.00693	1.40367	-0.633322	2.04563	-0.830071	-0.697797	-0.735486	-0.803681	0.099131
NFKBIB	-0.480483	-0.479826	-0.183915	-0.46213	-0.488994	-0.142773	-0.026691	0.003319	5.73149	2.41342	2.97838	-0.353187	0.344748	-0.26129	1.85804	-0.502508	-0.500872	-0.480847	-0.41604
STS	-0.04566	-0.476246	0.048737	-0.302787	-0.820218	-0.802682	1.69823	-0.555662	-0.352184	-0.794909	-0.579442	-0.631083	-0.592517	1.31989	-0.748915	0.009144	-0.41757	-0.344003	1.00772
PTMA	-1.34431	-1.446	-1.05843	-1.04772	1.53689	-1.49569	-1.19051	0.757942	-1.32869	-1.486	-1.49499	-1.33496	-0.932745	-1.49485	-1.42916	-0.131933	-0.251485	-1.25369	-1.48906
RHOC	-0.089842	-1.00598	0.246819	-0.774271	-1.14252	-0.865802	-1.10967	-0.867626	-1.15522	3.75896	-0.806381	-0.645694	-0.781266	-0.405853	-0.755325	-0.941945	0.7663	-0.125526	-0.108428
PGLS	-0.314517	2.50796	-0.891406	6.91235	-0.889995	-0.914055	-0.910707	-0.914543	-0.111722	-0.116842	-0.895413	-0.332021	-0.911104	1.03287	-0.352049	-0.893315	-0.913528	-0.805187	-0.912293
NOPE	-0.469598	0.597449	-0.781642	-0.831481	-0.740529	-0.545345	-0.190208	-0.868289	-0.606636	-0.117382	-0.216175	-0.361118	-0.89317	7.65469	0.161889	-0.662178	0.651794	-0.510625	-0.366339
AFM	-0.454851	-0.368542	-0.379041	0.420191	-0.142933	-0.354617	-0.472034	-0.34563	-0.452932	2.61694	-0.016866	0.380203	-0.418214	-0.398713	-0.388343	-0.328594	-0.461876	-0.438413	-0.470443
