N2	N6	N7	N12	N16	N18	N20	N23	N24	N25	N26	N29	N30	N32	N33	N34	N35	
CENPK	0.357677	0.483556	0.774325	0.157405	0.471989	0.200272	0.283965	0.408256	0.000680426	0.381039	0.699932	0.897936	0.3511	0.731232	0.241778	0.41506	0.248809	
DTYMK	0.191017	0.902764	0.0478776	0.0345508	0.735933	0.878085	0.966436	0.9077	0.344028	0.714709	0.45459	0	0.405232	0.300099	0.468411	0.476308	0.511846	
RNGTT	0.466865	0.48407	0.441376	0.594095	0.577315	0.221325	0.269754	1	0.59367	0.0843246	0.276338	0.159728	0.658666	0.298428	0.398683	0.27294	0.269541	
MRAP	0.31741	0.332184	0.459493	0.502093	0.748092	0.247968	0.486087	0.413691	0.916277	0	0.439054	0.210539	0.478946	0.479439	0.435361	0.824427	0.627432	
AIRE	0.385665	0.299264	0.0978779	0.435253	0.349069	0.0705933	0.234301	0.338891	0.254439	0.887181	0.147466	0.339108	0.146384	0.346254	0.177133	0.714379	0.0446081	
VAPA	0.226989	0.115993	0.71571	1	0.215426	0.412233	0.103631	0	0.489879	0.306747	0.51983	0.747438	0.35743	0.3094	0.324826	0.228406	0.3359	
PARVG	0.628258	0.600302	0.0513789	0.0536456	0.0710238	1	0.357386	0.21496	0.496411	0.413298	0.554968	0.583302	0.0838685	0.384964	0.222894	0.116358	0.0430676	
CAMLG	0.126397	0.509552	0.636189	0.703953	0	0.486483	0.535384	0.747687	0.24162	0.537306	0.302535	0.246906	0.76619	0.185029	0.399135	0.971405	0.407786	
SDSL	0.293973	0.489545	0.464945	1	0.414514	0.503075	0.606396	0.509225	0.135301	0.671587	0.498155	0.0147601	0.426814	0.280443	0.0147601	0.0836408	0.535055	
UQCRH	0.454862	0.220249	0.340122	0.0940436	0.37692	0.886792	0.297612	0.288547	0	0.575231	0.50267	0.592616	0.450226	0.354733	0.50565	0.11652	0.646012	
SUOX	0.7219	0.575862	0.821154	0.0723676	1	0.285207	0.410518	0.710766	0.116665	0.343598	0.165226	0.188677	0.137273	0.732915	0.127443	0.171858	0.0463106	
PARC	0.53429	0.930893	0.785714	0.442076	0.717451	0.841211	0.840156	0.812302	0.44598	0.790673	0.537877	0.56246	0.737392	0.821692	0.857776	0.776957	0.598016	
STOM	0.329247	0.49823	0.62164	0.410259	0.225447	0.480458	0.402006	0.385605	0.388406	0.324985	0.691808	0.513156	0.596503	0.00710875	0.67738	0.573083	0.599711	
ASMTL	0.417899	0.300102	0.750637	0.628761	0.789903	0.873024	0.54156	0.570372	0.273585	0.572157	0.605558	0.40464	0.534931	1	0.68256	0.928863	0.777409	
PRTG	0.0425784	0.0925488	0.408634	0.312241	0.382614	0.0328208	0.115908	0.300118	0.613838	0	0.535186	0.529864	0.601124	0.349202	0.55618	0.466292	0.776168	
SELT	0.347127	0.253627	0.620936	0.548874	0.24092	0.174124	0.233174	0.161214	0.775898	0.280196	0.546733	0.587232	0.396154	0	0.640743	0.524819	0.573438	
RLF	0.279591	0.382205	0.45121	0.864264	0.66829	0.640364	0.466147	0.672512	1	0.571359	0.732911	0.754668	0.726417	0.717324	0.698328	0.837961	0.758565	
TMPIT	0.67411	0.781906	0	1	0.499134	0.365159	0.448893	0.540712	0.249278	0.137055	0.231761	0.322618	0.463908	0.231376	0.611935	0.482194	0.311068	
NARFL	0.200235	0.392085	0.387818	0.105488	0.347065	0.0086803	0.286597	0.464911	0.120641	0.715904	0.151832	0.353833	0.472709	0.640135	0.347212	0.481095	0.522289	
SYNPO	0.587181	0.862756	0.284809	0.62122	0.543907	0.602933	0.916893	0.178345	0.494478	0.364114	0.330617	0.0199167	0.327902	0.636973	1	0.353431	0.663408	
OPCML	0.159004	0.523851	0.0464915	0.691497	0.0852057	0.158832	0.80159	0.049084	0.677325	0.704286	0.163498	0.0744901	0.416868	0.129278	0.611822	0.108538	0.659869	
NFYB	0.919676	0.499537	0.376389	0.315741	0.488426	0.533333	0.438426	0.267824	0.080787	0.392824	0.424074	0.780556	0.399306	0.855093	0.313889	0.550926	0.614583	
FUK	0.652288	0.745277	0.602208	0.581038	0.718416	0.867972	0.689506	0.440587	0.160824	0.609948	0.464034	0.224448	0.495447	0.611883	0.69053	0.641134	0.523674	
VPRBP	0.376144	0.306357	0.207014	0.882829	0.268707	0.29627	0.314215	0.193408	1	0.412503	0.526624	0.514075	0.539643	0.288295	0	0.393268	0.594652	
CRIPT	0.594826	0.285281	0.771632	0.0779661	0.383229	0.861374	0.524532	0.298305	0	0.636574	0.953613	0.895986	0.567529	0.480821	0.775022	0.252632	0.755575	
DMPK	0.870639	0.550367	0.977456	0.641439	0.583289	0.494901	0.519055	0.602433	0.1893	0.713902	0.518876	0.707282	0.331186	1	0.515477	0.634997	0	
TEPP	0.0578704	0.0699074	0.0611111	0.799537	0.087037	0.860648	0.721296	0.114352	0.943056	0.0421296	0.0990741	0.0217593	0.0115741	0.645833	0.0680556	0.301389	0.126852	
NPW	0.575221	0.132743	0.389381	0.415929	0.274336	0.300885	0.20354	0.300885	0.336283	0.247788	0.353982	0.0530973	0.00884956	0.079646	0.283186	0.309735	0.371681	
GCGR	0.0619176	0.197175	0.188759	0.17373	0.18936	0.565074	0.241359	0.224527	0.0267508	1	0.0709348	0.166817	0.174331	0.0486925	0.338744	0.0772468	0.216111	
PPAN	0.473251	0.283021	0.244657	0.709014	0.332139	0.457587	0.138856	0.50458	1	0.4394	0.0789858	0.0334528	0.376344	0.242135	0.326696	0	0.688969	
PNOC	0.244889	0.479339	0.0682906	0.748151	0.651588	0.613745	0.193562	0.382775	1	0.201827	0.332318	0.0874293	0.706394	0.0722053	0.828186	0.062201	0.0382775	
SUFU	0.337225	0.486264	0.414698	0.321016	0.262088	0.528159	0.362775	0.814973	0.0409341	1	0.448489	0.687363	0.334203	0.474451	0.609478	0.583654	0.562225	
TMLHE	0.752542	0.808457	0.181146	0	0.545518	0.668669	0.918669	0.464418	0.0390481	0.597967	0.789972	0.758549	0.372458	0.358364	0.88586	0.310767	0.981516	
GLRX	0.529609	0	0.309364	0.427946	0.400379	0.131564	0.427217	0.0199825	1	0.611144	0.434802	0.319137	0.230163	0.296383	0.292882	0.0425904	0.206826	
CNIH	0.315229	0.160113	0.19502	0.759894	0.100505	0.0974533	0.184459	0.0401028	0.876242	0.114516	0.256317	0.256331	0.374425	0	0.273025	0.138876	0.433082	
MUTYH	0.596521	0.50396	1	0.53176	0.624942	0	0.5959	0.720298	0.266656	0.873272	0.688461	0.837397	0.906818	0.511104	0.20438	0.795465	0.122845	
ALPI	0.0759494	0.121519	0.303797	0.308861	0.172152	0.212658	0.18481	0.182278	0.286076	1	0.736709	0.35443	0.0911392	0.0556962	0.240506	0.16962	0.187342	
CIDEB	0.628629	0.408622	0.348548	0.202518	0.4805	0.309374	0.503935	1	0.329836	0.355107	0.506558	0.516264	0.391396	0.412207	0.386499	0.322403	0.391046	
APOB	0.173455	0.32031	0.403436	0.852037	0.633971	0.858132	0.352729	0	0.675256	0.170407	0.705736	0.372402	0.687725	0.431144	0.620393	0.805763	0.398725	
CTCFL	0.142668	0.122097	0.0975448	0.236894	0.254811	0.16921	0.60783	0.146649	0.286662	1	0.378235	0.0444592	0.14864	0.676178	0.833444	0.131387	0.771068	
HBEGF	0.0301011	0.00944691	0.00090372	0.89856	0.0417064	0.00948808	0.0125462	0.0020564	0.900158	0.00586732	0.00870002	0.00602414	0.016857	0.0235379	0.00630447	0.0043108	0.00332279	
ZYX	0.133587	0.693906	0.532687	0.636115	0.152078	0.964024	0.669079	0.1759	0.464024	0.678047	0.596918	0.485699	0.320118	0.292175	0.69027	0.394598	0.756337	
AICDA	0.443778	0.201899	0.501249	0.108446	0.0924538	0.983008	0.110945	0.434783	0.16092	0.934533	0.414293	0.150425	0.726137	0.017991	0.254373	0.0924538	0.726137	
LHB	0.578713	0.69335	0.60082	0.333036	0.940988	0.121947	0.400606	1	0.681761	0.544304	0.46568	0.315029	0.477804	0.682296	0.420218	0.465324	0.0153325	
NFRKB	0.143537	0.0917745	0.464674	0.483266	0.54678	0.346274	0.333928	0.18459	0.807824	0.212703	0.265209	0.0645545	0.541127	0.332441	0	0.245872	0.278893	
DST	0.702577	0.645922	0.914889	0.499078	0.795824	0.524056	0.60912	0.943952	0.209814	0.670631	0.832427	0.496674	0.442679	0.624901	0.260808	0.942411	0.446554	
SMOX	0.188643	0	0.170092	1	0.166173	0.30317	0.277913	0.122278	0.492336	0.27861	0.198223	0.291238	0.169396	0.107995	0.188382	0.173663	0.140219	
MTDH	0.454656	0.514961	0.35759	0.0618089	0.270005	0.301115	0.266804	0.34937	0.178274	0.156693	0.745781	0.505019	0.813191	0.189864	0.361348	0.659893	0.697017	
PML	0.710951	0.33623	0.770549	0.172088	0.703501	0.340949	0.435808	0.38664	0.57636	0.452694	0.52744	0.69183	0.149988	0.486963	0.241122	0.424634	0.499131	
SDCBP	0.314599	0.13746	0.23534	0.247136	0.0385572	0.460297	0.149452	0	0.202925	0.272142	0.487302	0.6097	0.0982696	0.244358	0.566171	0.311479	0.356958	
NPPB	0.417582	0.683281	0.811224	0.490973	0.350078	0.107143	0.713893	0.066719	0.0286499	0.0259027	0.0808477	0.585165	0.416797	0.38854	0.00510204	0.671115	0	
UCN	0.148946	0.302724	0.218366	0.18717	0.308875	0.178822	0.326011	0.183216	0.297012	0.318102	0.20167	0.183216	0.3058	0.056239	0.11775	0.246485	0.311511	
PTPRB	0.510204	0.556788	0.289264	0.749778	0.16016	0.635759	0.276398	0	1	0.578083	0.599823	0.582076	0.0692103	0.276841	0.271517	0.405501	0.444987	
DFFB	0.83092	0.287487	0.737332	0.244571	0.16546	0.703206	0.489659	0.12668	0.0465357	0.590486	0.506722	0.286453	0.708893	0.602378	0.16546	0.253878	0.550672	
GAST	0.497188	0.0986662	0.383256	0.332476	0.417966	1	0.577374	0.174996	0.670256	0.0221758	0.208581	0.21999	0.327173	0.315764	0.566768	0.394986	0	
RELN	0.242885	0.0768168	1	0.69743	0.711523	0	0.0630008	0.220227	0.481625	0.616745	0.659298	0.314452	0.485217	0.245095	0.847472	0.250898	0.900801	
ARVCF	0.31306	0.376312	0.31959	0.407042	0.497951	0.630986	0.275544	0.476312	0.702305	0.215493	0.44968	0.216773	0.208323	0.266325	0.207939	0.545967	0.00973111	
NMBR	0.137461	0.110217	0	0.665635	0.149226	0.247059	0.193808	0.0544892	0.178947	0.113932	0.0965944	0.186997	0.365325	0.426625	1	0.0532508	0.505263	
MME	1	0.824488	0.647697	0.293171	0.564184	0.661773	0.691743	0.845366	0	0.608432	0.95198	0.820178	0.69309	0.294114	0.6151	0.913389	0.372306	
UNG	0.278103	0.338233	0.202105	0.132955	0.15851	0.313346	0.472023	0.266076	0	0.361283	0.483214	0.485886	0.552698	0.198931	0.356439	0.524136	0.766494	
APRIN	0.571942	0.604106	0.682464	0.0668948	0.329683	0.351411	0.455432	0.451497	0.0470488	0.499914	1	0.800342	0.681779	0.458169	0.738751	0.895295	0.406672	
NOTUM	0.177484	0.336064	0.340895	0.765806	0.450746	0.0567108	0.144717	0.356018	0.695022	0.240076	0.607645	0.165511	0.214661	0.308549	0.272002	0.478891	0.869565	
AGT	0.640633	0.837928	0.407351	0.224349	0.332568	0.863451	0.660796	0.591884	0.218479	0.328484	0.731751	0.495406	0.46146	0.515314	0.398418	0.317764	0.267994	
JRKL	0.328692	0.358301	0.146634	0.17166	0.263659	0.00775467	0.116144	0	0.281283	0.540888	0.135883	0.258019	0.554811	0.723123	0.252027	0.118964	0.524145	
CDSN	0.109542	0.0517058	0.110341	0.721748	0.0485075	0.0778252	0.0943497	0.0567697	0.712953	0.1879	0.097548	0.0770256	0.142857	0.0221215	0.174574	0.16178	0.133795	
FGR	0.991974	0.65222	0.669342	0.274478	1	0.0716961	0.153558	0.199572	0.252006	0.128411	0.180845	0	0.661316	0.869984	0.149278	0.619583	0.208668	
CRH	0.117162	0.37849	0.524943	0.789931	0.791762	0.136842	0.190389	0.747826	0.282838	0.691533	0.249428	0.13913	0.14508	0	0.790847	0.141876	0.481465	
CDIPT	0.924625	0.77817	0.601472	0.507933	0.55919	0.349015	0.419924	0.612404	0.213961	0.353014	0.7267	0.611298	0.847548	0.327109	0.402484	0.513335	0.439534	
WASPIP	0.689457	0.470126	0.551354	0.3234	0.662683	0.594161	0.571018	1	0.350023	0.508849	0.956285	0.66223	0.620027	0.559976	0.898956	0.538043	0.878838	
VARS	0.385118	0.19923	0.243553	0.448335	0.294144	0.576558	0.37115	0.417085	0.210423	0.437142	0.2089	0	0.723138	0.297009	0.402668	0.259133	0.845272	
SPAR	0.0821114	0.526686	0.350147	0.0152493	0.448094	0.535484	0.283284	1	0.472141	0.493842	0.771261	0.598827	0.865103	0.0175953	0.859824	0.503812	0.443988	
SAFB	0.414323	0.553848	0.631785	0.782974	0.545237	0.670264	0.344779	0.385001	0.417811	0.643885	0.326902	0	0.450294	0.436342	0.285263	0.491171	0.239917	
JUN	0.6685	0.217162	0.390193	0.986697	0.439143	0.201023	0.257393	0.258608	0.858714	0.20032	0.343375	0.26946	0.333014	0.55444	0.197399	0.356359	0.203283	
IQCC	0.396273	0.205935	0.30421	0.487371	0.145342	0.360248	0.29234	0.213389	0.0469289	0.222498	0.348102	0.293996	0.126846	0.00717736	0.517598	0.524224	0.146308	
RHCE	0.383557	0.143426	0.166968	0	0.316552	0.302064	0.860558	1	0.0764216	0.0670047	0.082941	0.513944	0.745382	0.802246	0.0934444	0.3477	0.908729	
FCAR	0.644377	0.392773	0	0.119554	0.374198	0.115164	0.183046	0.690645	0.482607	0.657886	0.683891	0.200608	0.247552	0.451537	0.374536	0.956096	0.695711	
BCAN	0.279929	0.402299	0.313705	0.635897	0.212555	0.839611	0.728912	0.638373	0.741114	0.746065	0.343413	0.506278	0.749248	0.0466844	0.267905	0.544297	0.662953	
CNTF	1	0.1389	0.264332	0	0.559446	0.648711	0.714506	0.127357	0.367449	0.0738746	0.208542	0.103117	0.118122	0.519046	0.82147	0.0761831	0.153136	
DLD	0.459965	0.378595	0.877222	0.193453	0.237318	0.676182	0.139688	0.138387	0.158838	0.10753	0.765718	0.870429	0.40078	0.438214	0.426651	0.185431	0.227273	
JMY	0.380963	0.528326	0.79375	0.119782	0.414564	0.333601	0.432225	0.490367	0	0.364679	0.769667	0.891628	0.854587	0.601089	0.562787	0.781823	0.78836	
ITPKA	0.0830807	0.28866	0.129169	0.260158	0.129169	0.117647	0.116434	0.0903578	0.194663	0.0315343	0.275925	0.29715	0.063675	0.121892	0.0345664	0.238933	0.631898	
TXN	0.478999	0.182162	0.654469	0.00578068	0.280007	0.656947	0.1839	0.0594299	0	0.446735	0.75482	0.715067	0.572059	0.323775	0.580317	0.11026	1	
AQR	0.535267	0.766603	0.362539	0.687233	0.329407	0.488441	0.410985	0.668974	0.759387	0.202916	0.395965	0.172287	0.957002	0.816375	0.257547	0.429834	0.497865	
OSTBETA	0.0102679	0.252679	0.0205357	0.00848214	0.0241071	0.162946	0.149107	0.253125	0.0517857	0.0549107	0.240625	0.178125	0.754911	0.0308036	0.071875	0.120982	0.162946	
CTBS	0.577363	0.503785	0.716775	0.0191868	0.420525	0.271431	0.431438	0.314205	0.417532	0.491639	0.456434	0.532477	0.583876	0.16916	0.499736	0.336384	0.472452	
MLXIPL	0.116675	0.660448	0.693176	1	0.552446	0.223204	0.0713468	0.795614	0.918999	0.585665	0.327115	0.306169	0.576501	0.497791	0.248405	0.0764196	0.365734	
MLX	0.781721	0.444295	0.432432	0.460594	0.487931	0.626057	0.4706	0.491747	0.529812	0.398597	0.606251	0.255932	0.63204	0.596245	0.606148	0.439138	0.475139	
CS	0.320972	0	0.688529	0.156947	0.385752	0.800739	0.734421	0.594168	0.549585	0.533621	0.781389	0.791737	0.543122	0.562625	0.384021	1	0.289583	
COBL	0.434897	0.723136	0.519602	0.206378	0.742433	0.58379	0.731465	0.790981	0.368475	0.492789	0.886451	0.718464	0.534633	0.674792	0.745074	0.856795	0.07922	
ZPBP	0.293034	0.146067	0.0566292	0.182921	0.149213	0.0319101	0.524045	0.0723596	0.0431461	0.799551	0.383371	0.17618	0.110562	0.0867416	0.617528	0.320449	0.547865	
ICMT	0.166198	0.582715	0.763701	0.0376094	0.301694	0.328762	0.558	0.286548	0.178376	0.389091	1	0.325641	0.576319	0.339457	0.390114	0.856368	0.484982	
LFNG	0.756146	0.681556	0.491783	0.0167158	0.361778	0.0802079	0.579716	0.496488	0.027251	0.327223	0.477384	0.147703	0.75734	0.615536	0.179871	0.596573	0.552746	
BMPER	0.708094	0.285117	0.627154	0.822454	0.356136	1	0.77859	0.462663	0.185379	0.679373	0.646997	0.724282	0.29295	0.558747	0.710183	0.609399	0.695039	
PTGFRN	1	0.558116	0.399356	0.0826542	0.709237	0.245849	0.557619	0.590732	0.150369	0.350151	0.476791	0.407923	0.59829	0.666325	0.28455	0.584856	0.278529	
NCALD	0.139615	0.586657	0.100413	0.684778	0.44796	0.457359	0	0.704035	0.637093	0.27006	0.2884	0.471802	0.345484	0.231774	0.495415	0.702659	0.479597	
TPPP	0.0129468	0.113707	1	0.0816212	0.110892	0.105263	0.15508	0.36631	0.0485505	0.143541	0.750493	0.750633	0.0807768	0.12595	0.0356037	0.591613	0.221503	
HNRPAB	0.216662	0.132539	0.831934	0.866017	0.158202	0.433279	0.0471064	0.147549	0.661949	0.376016	0.728377	0.569429	0.66863	0.164635	0.220341	0.393847	0.851503	
FAS	0.220071	0.382687	0.0649567	0.925361	0.325874	0.262071	0.184097	0.211606	0.502725	0.274126	0.210644	0.100866	0.363706	0.104392	0.287849	0.0239179	0.382687	
MARCKS	0.597256	0.585505	0.447577	0.0271283	0.215567	0.660069	0.669453	0.439573	0.0269311	0.517527	0.719057	1	0.743504	0.560743	0.986909	0.887623	0.527661	
UBC	0.0545515	0.0994493	0.225631	0.784624	0.07206	0.405356	0.21004	0.204707	0.766373	0.135942	0.204445	0.0460893	0	0.0338963	0.111618	0.173413	0.206345	
UCRC	0.608782	0.622875	0.569839	0.299693	0.550594	0.723449	0.623195	0.280875	0.175097	0.414921	0.838943	0.858134	0.807874	0.520005	0.723422	0.481783	1	
HARS	0.176177	0.203394	0.278258	0.534102	0.156388	0.483381	0.238104	0.16292	0.779699	0.106948	0.098495	0.156324	0.0270893	0.204355	0.506052	0.0333654	0.624528	
RDX	0.0353664	0.250913	0.649075	0.626735	0.170136	0.391953	0.291941	0.331751	0.417945	0.446616	0.789627	0.698624	0.0454103	0.415693	0.374604	0.54815	0.308254	
PIGM	0.667278	0.543984	0.118706	0.67955	0.264595	0.442826	0.699507	0.674848	0.951715	0.510036	0.673242	0.504301	0.648813	0.189586	0.939557	0.346026	0.410712	
STRC	0.21994	0.449399	0.501002	0.0195391	0.192886	0.0686373	1	0.746493	0.229459	0.1498	0.232966	0.0420842	0.147796	0.123747	0.0526052	0.299599	0.0420842	
ASCIZ	0.0892662	0.508899	1	0.660323	0.155805	0.489184	0.325575	0	0.292306	0.646769	0.84707	0.566265	0.170181	0.400602	0.458516	0.603916	0.699206	
AVP	0.443831	0.23849	0.203499	0.264273	0.38674	0.362799	0.325967	0.218232	0.151934	0.141805	0.1814	0.111418	0.443831	0.226519	0.109576	0.019337	0.134438	
NBN	0.393142	0.303105	0.525555	0.152361	0.371361	0.220293	0.264503	0.240996	0.251132	0.271188	0.618396	0.774639	0.361333	0.634893	0.370822	0.27507	0.682985	
ACLY	1	0.547347	0.337796	0.295831	0.57811	0.808371	0.333588	0.52243	0.258237	0.510027	0.411562	0.214578	0.572373	0.807825	0.514507	0.213868	0.505273	
TRIO	0.758162	0.155484	0.588116	0.364441	1	0.303609	0.263211	0.334769	0.278087	0.203398	0.199092	0.272058	0.581461	0.595945	0.143114	0.384953	0.183121	
PTPRM	1	0.410866	0.307294	0.0716401	0.973991	0.51629	0.757497	0.29341	0	0.531562	0.388097	0.551648	0.176786	0.888375	0.33682	0.509071	0.057201	
PILRA	0.266606	0.274062	0.750339	0.283778	0.340714	0.445323	0.462946	0.610709	0.330095	1	0.431541	0.376864	0.277	0.119747	0.229101	0.374153	0.484862	
HCCS	0.573969	0.0429113	0.558796	0.0979137	0.384187	0.403509	0.213964	0.279398	0.310811	0.695472	0.416548	0.33606	0.466335	0.147345	0.49431	0.188952	0.704718	
OTOR	0.508737	0.770844	0.411882	1	0.870195	0.698452	0.761857	0.300549	0.737394	0.249126	0.202696	0.471792	0.559661	0.210185	0.685971	0.0479281	0.330504	
CHDH	0.679201	0.587431	0.593479	1	0.477518	0.712595	0.987378	0.361557	0.511964	0.816724	0.868262	0.847226	0.486984	0.636866	0.696555	0.790429	0.892453	
CHRNG	0.460841	0.200093	0.584941	0.755055	0.270741	0.0527539	0.108761	0.587497	0.436672	0.197072	0.0745991	0.596096	0.469672	0.302115	0	0.320939	0.409482	
AATF	0.050053	0.342849	0.539878	0.945993	0.233002	0.656862	0.133378	0.151992	0.515479	0.525605	0.272543	0.25094	0.391648	0.477867	0.482207	0.314688	0.572861	
HEXB	0.578263	0.576429	0.400244	0.501901	0.228372	0.276755	0.705894	0.576497	0.848499	0.422858	0.39943	0.214994	0.611368	0.113744	0.51443	0.440581	0.647766	
WWOX	0.23299	0.404948	0.2011	0.227629	0.222131	0.378007	0.232165	0.105155	0.32701	0.0963574	0.326186	0.290034	0.219244	0.19945	0.416495	0.368797	0.221718	
NNT	0.630262	0.271405	0.392414	0.187004	0.0101688	0.0317267	0.206122	0.46624	0	0.483933	0.308013	0.337503	0.378076	1	0.42892	0.271812	0.444377	
AVEN	0	0.0746244	0.817566	0.107974	0.0112267	0.388146	0.158329	0.240053	0.00693413	0.15998	0.226845	0.307248	0.155688	0.0282318	0.304276	0.201915	0.741126	
PAPOLG	0.75525	0.934423	0	0.378657	0.435112	0.503098	0.513253	1	0.501033	0.562478	0.585714	0.663511	0.63821	0.645611	0.841652	0.522892	0.474182	
HRASLS	0.469794	0.405629	0.469794	0	0.0116323	0.460413	0.684428	0.388743	0.378987	0.637899	0.557223	0.424015	0.452158	0.209381	0.593246	0.564728	1	
PAPPA	0.375287	0.277625	0.480514	0.178359	0.442228	0.592389	0	0.177212	0.142595	0.0976616	0.76983	0.462861	0.357634	0.184548	0.569464	0.348923	0.38652	
ABR	0.248749	0.431899	0.352743	0.612137	0.453644	0.393049	0.447002	0.300064	1	0.308252	0.356837	0.410518	0.0896188	0.278774	0.25257	0.159767	0.117915	
SQLE	0.546571	0.255818	0.26158	0.715764	0.366049	0.0505986	0.135853	0.163767	0.553787	0.192409	0.184046	0.189388	0.33917	0.293746	0.200017	0.302305	0.0922746	
LYZ	0.0974212	0.0188293	0.0695866	0.694228	0.185428	0.349161	0.101105	0.496111	0.0507573	0.0564879	0.0323373	0.297994	0.335653	0.0409333	0.505117	0	0.0613999	
EDNRB	0.197154	0.726481	0.786295	0.388792	0.481707	0.23374	1	0.245354	0.62892	0	0.343206	0.611208	0.00319396	0.270035	0.0740418	0.25842	0.454704	
HUNK	0.389614	0.288949	0.947822	0.480679	0.343835	0.889244	1	0.33522	0.148659	0.233079	0.368939	0.115678	0.325868	0.474772	0	0.348757	0.557716	
PFKM	0.206379	0.241426	0.0275372	0.131978	0.0830621	0.141741	0.15561	0.0587293	0.124568	0.267511	0.0787563	0.202023	0.791268	0.301307	0.213789	0.121264	0.893456	
SNRPG	0.197973	0.171572	0.63009	0.354737	0.52285	0.572798	0.401833	0.206712	0.0447897	0.549797	0.341385	0.266857	0.345937	0.394186	0	0.103296	1	
BTD	0.822357	0.669811	0.399074	0.498398	0.673015	0.49911	0.604842	0.713243	0.222855	0.424884	0.428266	0.374867	0.478284	0.591314	0.289605	0.609826	0.423638	
TYROBP	0.586174	0.432622	1	0.784326	0.167251	0.112775	0.200382	0.698949	0.670914	0.301688	0.503664	0.402995	0.416375	0.234151	0.645747	0.266645	0.548582	
FANCA	0.288759	0.165499	0.73572	0.0660459	0.295863	0	0.158587	0.152155	0.214553	0.13958	0.694634	0.591533	0.179418	0.217529	0.212729	0.740424	0.0290871	
PIP	0.0392912	0.361839	0.806369	0.877247	1	0.0521315	0.365691	0.0372368	0.174884	0.177196	0.5868	0.0364664	0	0.446071	0.657935	0.0115562	0.383667	
PDPN	0.189901	0.437458	0.368315	0.785784	0.135452	0.283285	0.170135	0.248378	0.530096	0.27426	0.644141	0.633773	0.170732	0.141941	0.379429	0.450735	0.273738	
BLVRB	0.464685	0.602528	0.626348	0.113828	0.517157	1	0.46078	0.528774	0	0.689901	0.711232	0.582272	0.466296	0.549666	0.656612	0.437936	0.659833	
FCGRT	0.235656	0.605191	0.485656	0.479679	0.537568	0.388149	0.407958	0.208504	0.0153689	0.829064	0.858094	0.114754	0.297643	0.242828	0.485314	0.396346	0.132001	
GART	0.344491	0.34094	0.0590078	0.528564	1	0.243238	0.109086	0.207415	0.598381	0.249452	0.111645	0.0576501	0.625587	0.514204	0.22188	0.146057	0.609295	
BNIPL	0.237243	0.23751	0.394336	0.00454181	0.593374	0.292813	0.460593	1	0.469944	0.458723	0.310179	0.278921	0.162704	0.190756	0.297889	0.39487	0.288539	
GAPDH	0.119053	0.103958	0.565852	0.992382	0.231963	0.963152	0.487081	0.313574	0.839381	0.286621	0.317817	0.0547615	0.0946398	0.0330082	0.238692	0.315298	0.93937	
TNMD	0.124748	0.257545	0.0241449	0.00603622	0.156942	0.565392	0.422535	0.342052	0.404427	0.167002	0.15493	0.0784708	0.225352	0.108652	0.162978	0.454728	0.293763	
PIGY	0.429933	0.474965	0.48931	0.171138	0.422171	0.528167	0.205547	0.440147	0	0.548595	0.503427	0.642789	0.660084	0.657724	0.398293	0.289618	0.920015	
LRBA	0.41827	0.541112	0.537613	0.562942	0.647524	0	0.685023	0.514262	0.520803	0.480262	0.450521	0.464821	0.716741	0.911463	0.584316	0.428311	0.332243	
SPRN	0.610081	0.873882	0.695178	0.670958	0.0373118	0.57866	0.430286	0.289112	0.427667	0.623391	0.466725	0.421776	0.502727	0.240672	0.333842	0.464543	1	
MYB	0.0982207	0.114811	0.795143	0	0.0501322	0.187665	0.104112	0.0932917	0.0988218	0.0301755	1	0.772061	0.161457	0.117697	0.133205	0.693797	0.256432	
CLPB	0.511278	0.672793	0.298524	0.813979	0.661097	0.683375	0.687274	0.311334	0.725982	0.31746	0.242551	0	0.634085	0.3467	0.646617	0.787803	0.842662	
NADK	0.307406	0.206922	0.931398	0.166977	0.533309	0.62424	0	0.637886	0.16065	0.483315	0.504156	0.427987	0.739486	0.440764	0.328247	0.516685	0.70289	
OGDHL	0.172608	0.0187617	0.106942	1	0.185741	0.133208	0.206379	0.168856	0.285178	0.369606	0.258912	0.0712946	0.206379	0.0562852	0.161351	0.144465	0.230769	
MAX	0.321217	0.826254	0.104208	0.384235	0.191624	0.106282	0.142434	0.179178	0.0182734	0.202785	0.116061	1	0.574872	0.488246	0.571612	0.163374	0.37742	
FGG	0.529057	0.216961	0.39647	0.431339	0.44167	0.160568	0.561343	0.631941	1	0.381403	0.394318	0.464055	0.446406	0.356005	0.389582	0.311235	0.236332	
ALB	0.269048	0.121032	0.253571	0.137698	0.32619	0	0.315079	0.343651	0.663889	0.680952	0.448016	0.63254	0.235317	0.214286	0.426587	0.663095	0.538095	
LITAF	0.100453	0.177304	0.386541	0.114664	0.079347	1	0.816648	0.248995	0.117582	0.559024	0.39314	0.377702	0.0502051	0.12731	0.455103	0.0529544	0.483187	
SHBG	0.35	0.129412	0.25	0.458824	0.338235	0.623529	0.561765	0.544118	0.205882	0.176471	0.144118	0.288235	0.0705882	0.170588	0.320588	0.3	0.488235	
PURG	0.552338	0.66366	0.136008	0.0517446	0.578922	0.552575	0.597674	0.38761	0.152148	0.634939	0.357228	0.464989	0.762877	0.331118	0.828388	0.235699	0.395443	
CRK	0.243397	0.379902	0.986216	1	0	0.669898	0.262961	0.126367	0.0752334	0.164518	0.368608	0.528057	0.530102	0.597065	0.576879	0.84402	0.331347	
MOG	0.0893878	0.212653	0.366531	0.713061	0.219592	0.0473469	0.206531	0.514286	0.617959	0.482857	0.283265	0.247347	0.273878	0	0.422041	0.54898	0.566939	
SNRPA	0.577785	0.571392	0	0.323758	0.532094	0.743756	0.698576	0.692183	0.695763	0.529622	0.34217	0.604041	0.484869	0.742477	0.885006	0.342597	0.768562	
DENR	0.303197	0.239439	0.280446	0.995092	0.369157	0.405348	0.232971	0.242649	0.631806	0.467089	0.210954	0.202055	0.38567	0.416586	0.190542	0.215403	0.139535	
HRBL	0.501471	0.158656	0.422021	0.311427	0.553212	0.666013	0.237371	0.579941	0.123345	0.142962	0.294017	0.423247	0.383276	0.406327	0.430113	0.354095	0.0210888	
ASL	0.297821	0.53091	0.39169	0.695465	0.443881	0.18305	0.477705	0.664175	0.797188	0.486699	0.0516848	0.0884216	0.373195	0.681277	0.359767	0.541297	0.424373	
CASK	0.801223	0.590133	1	0.473805	0.482041	0.749766	0.201834	0.498005	0.367836	0.10546	0.703745	0.657468	0.586907	0.586822	0.780419	0.642693	0.476097	
EREG	0.0288511	0.0107168	0	0.646588	0.0563011	0.0104616	0.00642828	0.0155872	1	0.0206144	0.0129327	0.013819	0.0170824	0.0240255	0.011245	0.00833975	0.0117464	
IHH	0.39988	0.341251	0.762477	1	0.160253	0.0583283	0.575466	0.238725	0.0799759	0.897775	0.244738	0.378833	0.525556	0.341852	0	0.533073	0.45911	
IVD	0.446548	0.360978	0.197507	0.215244	0.691275	0.455657	0.396213	0.479626	0.639981	0.579338	0.14813	0.248802	0.551534	0.44535	0.28092	0.270374	0.594199	
ARHGDIG	0.833333	0.670037	1	0.210478	0.693321	0.491728	0.691483	0.0122549	0.330882	0.225797	0.431679	0.215686	0.0211397	0.277574	0.0477941	0.515625	0.11826	
RHOV	0.445688	0.60171	0.687956	0.624591	0.47297	0.563867	0.830148	0.704425	0	0.535454	0.44091	0.543752	0.408725	0.44443	0.43211	0.464295	0.764772	
PLTP	0.219199	0.269139	0.293959	0.519488	0.24995	0.136164	0.366427	0.268939	0.807815	0	0.192335	0.0466009	0.468551	0.015301	0.202851	0.38133	0.249053	
HYMAI	0.251505	0.130071	0.462706	0.0855797	0.0900288	0	0.11934	0.307773	0.12536	0.479979	0.0293117	0.252813	0.834337	0.572625	0.0656896	0.750327	0.0157027	
CHM	0.442898	0.291477	0.0963068	0.209659	0.090625	0.414773	0.496023	1	0.378693	0.762216	0.4125	0.300852	0.0721591	0.0923295	0.563352	0.344602	0	
APOF	0.0246792	0.540967	0.0394867	0.0834156	0.0360316	0.185587	0.562685	0.0394867	0.472359	0.0370188	0.300592	0.0138203	0.241362	0.606614	0.338105	0.268016	0.669299	
ACD	0.270817	0.709952	0.63065	0.195876	0.838025	0.381642	0.934972	0.713918	0.16475	0.747224	0.570975	0.552736	0.635012	0.838025	0.828707	0.519826	0.304718	
EMCN	0.146181	0.461031	0.12214	0.0953858	0.291974	0.189221	0.371462	0.159752	0.73672	0.1962	0.119426	0.0554478	0.16014	0.27026	0.0911206	0.0182241	0.291198	
SELP	0.696134	0.412541	0.248468	0.780292	0.274399	0.628949	0.407355	0.560585	0.533239	0	0.477841	0.634371	0.464875	0.298916	1	0.650636	0.342056	
MCC	0.712559	0.653993	0.554709	0.110997	0.695082	0.620433	0.762294	0.88547	0.338012	0.517059	0.702147	0.91057	0.567166	0.838338	0.548945	0.564377	0.851539	
GYPC	0.656227	0.642181	0.428155	0.342108	1	0.307148	0.429196	0.237957	0.426699	0.757153	0.6324	0.304859	0.73676	0.352617	0.482468	0.674852	0.373426	
PNMT	0.0850976	0.117476	0.15276	0.242839	0.151515	0.030303	0.134496	0.257783	0.301785	0.178497	0.0294728	0.449149	0.139062	0.164384	0.20631	0.0929846	0.288501	
RGN	0.499784	0.589047	0.171626	0.812419	0.599828	0.314791	0.366106	0	0.760241	0.0858129	0.619664	1	0.581716	0.379474	0.521345	0.0340664	0.50884	
NAPB	0.35213	0.606934	0.901838	0.15518	0.65142	0.517126	0.637427	0.523183	0.0121136	0.558062	0.690685	0.61132	0.661445	0.432957	0.293024	1	0.475982	
PARVA	0.457688	0.0849673	0.0245958	1	0.684727	0.51806	0.611455	0.437393	0.620743	0.130719	0.238734	0.118851	0.173547	0.204678	0.284486	0.500172	0.490884	
RABEPK	0.46312	0.285946	0.399701	0.363818	0.324819	0.48779	1	0.413406	0.459507	0.264391	0.218291	0.385871	0.718041	0.405432	0.282706	0	0.828308	
NMI	0.368927	0.683616	0.803766	0.0461394	0.524482	0.70904	0.576648	0.699623	0.217702	0.843879	0.666478	0.816008	0.441055	0.346516	0.853861	0.568173	0.588701	
CENPN	0.136412	0.21168	0.408813	0.116171	0.145056	0.17626	0.441704	0.0756905	0.252794	0.578748	0.464263	0.494624	0.22159	0.296226	0.844613	0.947291	0.442336	
GALT	0.371283	0.699266	0.470947	0.17295	0.523081	0.866368	0.546597	1	0.0526316	0.662063	0.300983	0.36755	0.415951	0.48426	0.594998	0.298868	0.58492	
GRPR	0.534756	0.352523	0.0471014	0	0.593532	0.478529	0.292405	0.260333	0.606012	0.382582	0.531669	0.640633	0.432636	0.377348	0.273349	0.458803	0.861648	
CHGA	0.374192	0.150909	0.0893132	0.299661	0.247613	0.810902	0.473668	0.0052356	0.705266	0.505698	0.28765	0.191561	0.221743	0.109948	0.584848	0.55713	0.697567	
WRB	0.423421	0.245967	0.831341	0.00558795	0.449611	0.310739	0.430515	0.287561	0.0354713	0.184791	0.677211	0.969242	0.259475	0.196744	0.376531	0.83931	0.227357	
MSRA	0.0448586	0.137501	1	0.206631	0.131325	0.573843	0.133817	0.216058	0.0867916	0.164807	0.279879	0.170766	0.231011	0.0708636	0.192437	0.121032	0.0369487	
PSPH	0.640237	0.559617	0.621101	0.0872699	0.540095	0.777106	0.458017	0.408933	0	0.858969	0.823487	0.829021	0.572189	0.576994	0.591754	0.398121	0.810229	
CGA	0.197546	0.26544	0.262168	0.0278119	0.258896	0.245808	1	0.43681	0.510429	0.498978	0.433538	0.262577	0.263804	0.151738	0.312474	0.806544	0.764417	
RBAK	0.555461	0.448789	0.482788	0.569486	0.21037	0.141521	0.507437	0.737357	0.480238	0.0586485	0	0.266468	0.472588	0.477263	0.630684	0.436039	0.19932	
NDP	0.203059	0.682243	0.605777	0.968564	0.806712	0.313084	0.612999	0.562447	1	0.590909	0.283347	0.35514	0.523364	0.375531	0.324129	0.668649	0.648683	
LDHA	0.0829466	0.153276	0.201123	0.495169	0.201901	0.428888	0.179946	0.014581	0.525785	0.251674	0.107486	0.0618348	0.406655	0.0312555	0.185347	0	1	
POLL	0.238753	0.337669	0.334146	0.186179	0.26748	0.852304	0.147154	0.871003	0.00325203	1	0.126016	0.233333	0.575881	0.319241	0.366125	0.779946	0.557453	
ILVBL	0.827796	0.371346	0.281852	0.411853	0.346902	0.087399	0.329642	0.539958	0.797466	0.40866	0.259703	0.148359	0.593435	0.360471	0.481792	0.275965	0.535069	
SVH	0.584891	0.453863	0.562441	0.592147	0.597866	0.493299	0.620487	0.542894	0.538028	0.600512	0.752796	0.705762	0.528809	0.429962	0.57994	0.600341	0.74093	
MVK	0.735319	0.61012	0.657362	0.297358	0.811315	0.68593	0.543553	1	0.585099	0.422836	0.320698	0.707404	0.603585	0.437401	0.483895	0.557744	0.652693	
ECD	0.515105	0.595275	0.301962	0.161374	0.709657	0.429899	0.580816	0.254325	0.259618	0.192874	0.238704	0.219339	0.428608	0.523625	0.525045	0.109863	0.920088	
DTL	0.17033	0.301352	0.47929	0.0540997	0.202311	0.179346	0.160609	0.0559312	0.170189	0.150606	0.56847	0.682868	0.0846717	0.285855	0.166244	0.603973	0.247535	
SNRPC	0.462367	0.559248	0.290389	0.467749	0.354549	0.763007	0.846561	0	0.290132	0.445707	0.83836	0.545835	0.599231	0.251773	0.505596	0.299701	0.79402	
LMLN	0.58162	0	0.0580411	0.367594	0.523176	0.816203	0.87505	0.820637	0.6316	0.470375	1	0.196292	0.804111	0.537686	0.661024	0.91979	0.778315	
OSMR	0.605666	0.32073	0.113571	0.744137	0.429814	0	0.334463	0.181984	0.95541	0.196462	0.2531	0.0261152	0.584331	0.43818	0.217699	0.181788	0.00137139	
POLH	0.343669	0.584164	0.93983	0.0987449	0.539867	0.356958	0.362126	0.653562	0.0561093	0.583426	0.800664	0.789959	0.436877	0.458472	0.475637	0.745109	1	
PPCDC	0.512332	0.601564	0.410668	0.606176	0.436936	0.667135	0.981151	0.947864	0	1	0.912372	0.62322	0.621616	0.319029	0.457189	0.660918	0.968518	
GPI	0.456743	0.57933	0.786274	0.236912	0.356601	0.869705	0.540297	0.426836	0	0.678362	0.872295	0.51705	0.853364	0.484985	0.723808	0.554912	0.873528	
OAF	0	0.111146	0.157027	0.56221	0.438527	0.428782	0.326538	0.467394	0.619416	0.151075	0.22224	0.29035	0.491098	0.0872314	0.0686894	0.358196	0.415613	
VASN	0.675578	0.0795936	0.495343	1	0.783597	0	0.693117	0.750696	0.688279	0.416233	0.66832	0.296359	0.278215	0.691182	0.416959	0.606508	0.0990686	
HEYL	0.698292	0.447547	0.719707	0.413662	0.29981	0.612632	0.245324	0	1	0.474383	0.158037	0.650041	0.519382	0.390079	0.3074	0.552453	0.905937	
HELLS	0.648878	0.426683	0.862344	0.0975062	0.261845	0.149875	0.575062	0.397007	0.360848	0.466085	0.642643	1	0.510723	0.370075	0.390524	0.991521	0.401995	
PTS	0.653949	0.543813	1	0.683709	0.94862	0.433168	0.343635	0.363729	0.508457	0.487219	0.558693	0.369961	0.643139	0.64263	0.438255	0	0.830599	
RBPSUHL	0.294064	0.708371	0	0.00852359	0.169559	0.170776	0.116591	0.276712	0.552207	0.589954	0.487671	0.0350076	0.047793	0.190868	0.248706	0.130289	0.445967	
PRELP	0.359289	0.888163	0.283773	0.283512	0.649856	0.392997	0.129083	0.571989	0.341259	0.345702	0.294487	0.631304	0.562843	0.547165	0.614319	0.582441	0.548471	
GFER	0.353957	0.406407	0.738065	0.300879	0.61495	0.786432	0.797111	0.361181	0.071608	0.388191	0.696294	0.0851131	0.444724	0.499686	0.404523	0.304648	1	
GSR	0.150929	0.359927	0.768506	0.299503	0.382684	0.258959	0.253989	0.309966	0.109861	0.712529	0.979336	0.738687	0.23254	0.276223	0.631964	0.995292	0.879414	
LCT	0.774608	0.678988	0.416633	0.912816	1	0.494978	0.410205	0.608276	0.394134	0.362796	0.697871	0.00401768	0.671756	0.64323	0.368823	0.498192	0.267577	
MRRF	0.371937	0.0268651	0.203667	0.161735	0.370938	0.553276	0.41768	0.21601	1	0.445362	0.239789	0.286622	0.410601	0.201488	0.231349	0.337357	0.620712	
MLCK	0.401698	1	0.375315	0.42808	0.576279	0.742372	0.227805	0.370727	0.687084	0.490709	0.771507	0.517091	0.450562	0.427621	0.604267	0.401239	0.900895	
RELA	0.618997	0.501903	0.640714	0.826542	0.31462	0.942293	0.785235	0.445315	0.52905	0.498153	0.556756	0.937647	0.610769	0.609482	0.851786	0.371488	0.760607	
PHB	0.116707	0.03514	0.0961559	0.442445	0.0743265	0.324034	0.172186	0.216164	0.518688	0.397082	0.0861463	0	0.586732	0.160153	0.223725	0.0846555	0.759876	
CLTB	0.166985	0.133839	1	0.654625	0.154974	0.721056	0.362227	0.158093	0.0377543	0.421722	0.580606	0.612076	0.187468	0.0797449	0.480006	0.276803	0.318281	
LTK	0.559967	0.0607886	0.00547645	0.134721	0.180997	0.0375137	0.438664	0.318182	0.0720153	0.964129	0.144304	0.264513	0	0.259036	0.165389	0.706736	0.728642	
ARSE	0.67484	0.584674	0.25696	0.338186	0.783908	0.861303	0.372414	0.607663	0.51954	0.518263	0.749425	0.616347	0.601277	0.712644	0.398723	0.765262	0.778033	
PYCRL	0.552239	0.164179	0.475124	0.116915	0.106965	0.554726	0.885572	0.788557	0.293532	0.18408	0.154229	0.0696517	0.218905	0.507463	0.0721393	0.559701	0.238806	
GALE	0.369286	0.28695	0.491132	0.592358	0.677866	0.66633	0.209805	0.495602	0.932516	0.37318	0.581255	0	0.074982	0.33093	0.233309	0.762076	0.264744	
INHBB	0.224187	0.412025	0.965812	0.391198	0.384517	0.153257	0.340603	0.238236	0.257982	0.230278	0.692799	0.660281	0.161607	0.0836035	0.272522	0.949897	0.0505944	
SNIP	0.341056	0.0653247	0.441701	0.353969	0.488416	0.752374	0.29624	0.0672237	0.558299	0.042537	0.48082	0.491455	0.941512	0.07406	0.776301	0.660084	0.115458	
PRND	0.24004	0.471518	0.22193	0.667435	0.4297	0.117221	0.336187	0.347053	0.356931	0.67402	0.481067	0.505762	0.206124	0.195917	0.717155	0.653606	0.513336	
DNER	0.567206	0.643418	0.440185	0.49515	0.459584	0.331178	0.283141	0.832333	0.47067	0.539492	0.571363	0.41709	0.432333	0.624018	0.529792	0.70254	0.24157	
TFRC	0.329115	0.272944	0.340159	0.73658	0.299174	0.050449	0.0869175	0.394481	0.727076	0	0.263073	0.131494	0.862319	0.00287081	0.0608573	0.481386	0.552481	
NKTR	0.31623	0.398992	0.228467	0.373912	1	0.343571	0.384729	0.713185	0.439188	0.46538	0.0430112	0.222132	0.628496	0.484163	0.265587	0.300263	0.133331	
HNRPD	0.398698	0.453301	0.409902	0	0.732474	0.630752	0.519153	0.250299	0.632921	0.397104	0.39179	0.413179	0.555688	0.466188	0.634914	0.487888	0.484301	
HEMGN	0.404755	0.352878	0	0.0305323	0.313969	0.392597	0.511483	0.565253	0.366928	0.255066	0.620913	0.495272	0.45231	0.265874	0.445285	0.456633	0.772224	
LYST	0.399104	0.425405	0.187435	0.203859	0.633858	0.458597	0.490869	0.401631	0	0.191915	0.367635	0.322729	0.247961	0.808085	0.35282	0.516366	0.0267601	
EVL	0.539278	0.794396	0.730425	0.0812436	0.487462	0.523669	0.705348	0.698311	0.222364	0.7152	0.823695	0.880885	0.713664	0.530834	0.792989	0.832267	0.761771	
FUS	0.141255	0.331383	0.401062	1	0.30635	0.502492	0.291612	0.571305	0.64559	0.510241	0.218574	0.162495	0.26891	0.185793	0.12202	0.380418	0.185414	
SYP	0.546125	0.0940959	0.124539	0.0258303	0.166974	0.206642	0.245387	0.313192	0	0.232472	0.273063	0.665129	0.436808	0.697417	0.388838	0.200646	0.101476	
OMD	0.391225	0.305911	0.453991	0.443632	0.416819	0.342474	0.54479	0.2078	0.421694	0.0493601	0.243144	0.550884	0.095064	0.408897	0.605119	0.492992	0.575259	
OSTALPHA	0.0380228	0.18327	0.165019	0	0.177947	0.247148	0.787833	0.438023	0.277567	0.26616	0.179468	0.219011	0.193156	0.21597	0.260076	0.0965779	0.193916	
SBEM	0.750061	0.764162	0	1	0.438123	0.690494	0.603939	0.543885	0.0641867	0.30513	0.474593	0.242888	0.315098	0.514709	0.652079	0.341843	0.21663	
SRF	0.190003	0.741249	0.640807	0.331757	0.507411	0.489278	0.313939	0.640019	0.32198	1	0.443709	0.345002	0.481394	0.418953	0.185588	0.420687	0	
CRYGD	0.4683	0.0819296	0.604594	0.609188	0.489433	0.0177642	1	0.4	0.572129	0.462021	0.508116	0.282389	0.551149	0.314089	0.26876	0.311026	0.571363	
FAP	0.657632	0.514418	0.381776	0.79381	0.482699	0.337678	0.417686	0.267166	0.332065	0.492118	0.207228	0.140984	0.335025	0.369473	0.443368	0.436678	0.139639	
NFKBIB	0.466456	0.412321	0.50714	1	0.237131	0.371471	0.0974759	0.456493	0.572069	0.589007	0.59731	0.719861	0.439389	0.50465	0.399203	0.295915	0.402026	
STS	0.1951	0.0449183	0.0669238	0.490472	0.209392	0.67922	1	0.345735	0.434891	0.230717	0.425817	0.350953	0.4299	0.428766	0.316924	0.33167	0.588702	
PTMA	0.0620979	0.00038994	0.635933	0.0666017	0.0691558	0.562995	0.207526	0.0805225	0	0.189355	0.708364	0.531293	0.502262	0.175102	0.1628	0.341314	0.774673	
RHOC	0.266804	0.258535	0.420566	0.778864	0.483117	0.601641	0.52014	0.441709	0.640137	0.585103	0.416776	0.388586	0	0.443087	0.568533	0.168922	0.366535	
PGLS	0.460853	0.433116	0.41529	0.342528	0.530004	1	0.535459	0.634038	0	0.769266	0.764118	0.682828	0.405071	0.348367	0.580945	0.515175	0.729082	
NOPE	0.588157	0.590833	0.455002	0.201071	0.303446	0.272666	0.361659	0.316828	0.866176	0.581131	0.790231	0.553028	0.591837	0.271328	0.571429	0.598528	0.565741	
AFM	0.0737536	0.386073	0.255871	0.770911	0.0453234	0.543469	0.0115369	0.31438	1	0	0.0473836	0.229501	0.245159	0.4178	0.20684	0.313144	0.0556242	
