N1	N2	N3	N4	N5	N6	N7	N8	N9	N10	N11	N12	N13	N14	N15	N16	N17	N18	N19	N20	N21	N22	N23	N24	N25	N26	N27	N28	N29	N30	N31	N32	N33	N34	N35	
CENPK	0.537083	0.357677	0.0995691	1	0.365843	0.483556	0.774325	0.30846	0.450669	0.357904	0	0.157405	0.540032	0.371513	0.784985	0.471989	0.43139	0.200272	0.453618	0.283965	0.379224	0.098435	0.408256	0.000680426	0.381039	0.699932	0.0394647	0.380132	0.897936	0.3511	0.444545	0.731232	0.241778	0.41506	0.248809	
DTYMK	0.778381	0.191017	0.666831	0.359822	0.408687	0.902764	0.0478776	0.706811	0.0483712	0.821323	0.663376	0.0345508	0.564659	0.322804	0.481737	0.735933	0.271964	0.878085	0.53307	0.966436	1	0.381046	0.9077	0.344028	0.714709	0.45459	0.441757	0.917078	0	0.405232	0.176703	0.300099	0.468411	0.476308	0.511846	
RNGTT	0.316483	0.466865	0.835174	0.321368	0.354503	0.48407	0.441376	0.697961	0.186916	0.392523	0.626381	0.594095	0.219626	0.372557	0.367035	0.577315	0.379354	0.221325	0.337935	0.269754	0.378717	0.409516	1	0.59367	0.0843246	0.276338	0.854503	0	0.159728	0.658666	0.143161	0.298428	0.398683	0.27294	0.269541	
MRAP	0.312731	0.31741	0.559222	0.318887	0.401379	0.332184	0.459493	1	0.392268	0.448412	0.968727	0.502093	0.110318	0.540261	0.380448	0.748092	0.319379	0.247968	0.500862	0.486087	0.734302	0.431421	0.413691	0.916277	0	0.439054	0.740951	0.500616	0.210539	0.478946	0.228761	0.479439	0.435361	0.824427	0.627432	
AIRE	0.0398441	0.385665	0.212646	0.120398	0.543742	0.299264	0.0978779	0.814855	0.368991	1	0.186228	0.435253	0.352534	0.361412	0.402988	0.349069	0.0976613	0.0705933	0.221091	0.234301	0.741663	0.236466	0.338891	0.254439	0.887181	0.147466	0.297964	0.098311	0.339108	0.146384	0.0686444	0.346254	0.177133	0.714379	0.0446081	
VAPA	0.529462	0.226989	0.0248519	0.358563	0.460057	0.115993	0.71571	0.104481	0.728792	0.908009	0.903399	1	0.623307	0.461859	0.691347	0.215426	0.397064	0.412233	0.221401	0.103631	0.0502704	0.55725	0	0.489879	0.306747	0.51983	0.924208	0.304146	0.747438	0.35743	0.616637	0.3094	0.324826	0.228406	0.3359	
PARVG	0.36343	0.628258	0.627125	0.137136	0	0.600302	0.0513789	0.230827	0.151492	0.642236	0.523989	0.0536456	0.21496	0.306762	0.322252	0.0710238	0.227805	1	0.631281	0.357386	0.566679	0.118247	0.21496	0.496411	0.413298	0.554968	0.504722	0.522856	0.583302	0.0838685	0.211182	0.384964	0.222894	0.116358	0.0430676	
CAMLG	0.778445	0.126397	0.720293	0.138291	0.56422	0.509552	0.636189	0.63739	0.909648	0.811847	0.855581	0.703953	0.759582	0.715848	0.618287	0	0.63703	0.486483	0.324643	0.535384	0.32284	0.587288	0.747687	0.24162	0.537306	0.302535	0.384357	0.953262	0.246906	0.76619	1	0.185029	0.399135	0.971405	0.407786	
SDSL	0.0418204	0.293973	0.637146	0	0.173432	0.489545	0.464945	0.370234	0.627306	0.568266	0.861009	1	0.305043	0.151292	0.400984	0.414514	0.0209102	0.503075	0.118081	0.606396	0.578106	0.612546	0.509225	0.135301	0.671587	0.498155	0.369004	0.412054	0.0147601	0.426814	0.261993	0.280443	0.0147601	0.0836408	0.535055	
UQCRH	1	0.454862	0.403494	0.526346	0.293307	0.220249	0.340122	0.441657	0.790471	0.189495	0.20572	0.0940436	0.987251	0.735295	0.575189	0.37692	0.346124	0.886792	0.42837	0.297612	0.556273	0.103398	0.288547	0	0.575231	0.50267	0.227327	0.448363	0.592616	0.450226	0.813651	0.354733	0.50565	0.11652	0.646012	
SUOX	0.334952	0.7219	0.225631	0	0.273718	0.575862	0.821154	0.287576	0.307947	0.104821	0.389672	0.0723676	0.243634	0.490821	0.606656	1	0.311264	0.285207	0.0749734	0.410518	0.676774	0.141537	0.710766	0.116665	0.343598	0.165226	0.282483	0.289944	0.188677	0.137273	0.779107	0.732915	0.127443	0.171858	0.0463106	
PARC	0.759759	0.53429	0.964338	0.541675	0	0.930893	0.785714	0.819266	0.621334	0.270099	0.394598	0.442076	0.616902	0.517303	0.456003	0.717451	0.757755	0.841211	0.681895	0.840156	0.564465	0.788457	0.812302	0.44598	0.790673	0.537877	0.186854	1	0.56246	0.737392	0.61743	0.821692	0.857776	0.776957	0.598016	
STOM	0.356161	0.329247	0.743332	0.409506	0.347079	0.49823	0.62164	1	0.698164	0.451541	0.336807	0.410259	0.803154	0.407533	0.6478	0.225447	0.975842	0.480458	0	0.402006	0.544241	0.503592	0.385605	0.388406	0.324985	0.691808	0.570432	0.71827	0.513156	0.596503	0.889001	0.00710875	0.67738	0.573083	0.599711	
ASMTL	0.548445	0.417899	0.398266	0.859001	0.359255	0.300102	0.750637	0.754972	0.949261	0.473738	0.113717	0.628761	0.705762	0.436257	0.751402	0.789903	0.656043	0.873024	0.486996	0.54156	0.598674	0.466599	0.570372	0.273585	0.572157	0.605558	0	0.687404	0.40464	0.534931	0.86053	1	0.68256	0.928863	0.777409	
PRTG	0.391484	0.0425784	0.234181	0.0833826	0.860438	0.0925488	0.408634	1	0.109107	0.420461	0.572442	0.312241	0.490834	0.144589	0.784743	0.382614	0.479894	0.0328208	0.0603193	0.115908	0.85275	0.0136014	0.300118	0.613838	0	0.535186	0.541691	0.890302	0.529864	0.601124	0.257244	0.349202	0.55618	0.466292	0.776168	
SELT	0.377298	0.347127	0.210104	0.702885	0.36347	0.253627	0.620936	0.643631	0.331533	0.781572	1	0.548874	0.39826	0.435803	0.572317	0.24092	0.686916	0.174124	0.0976795	0.233174	0.181837	0.800258	0.161214	0.775898	0.280196	0.546733	0.912445	0.236231	0.587232	0.396154	0.339891	0	0.640743	0.524819	0.573438	
RLF	0.529307	0.279591	0	0.733398	0.979055	0.382205	0.45121	0.648644	0.658711	0.643124	0.479786	0.864264	0.505439	0.565676	0.290632	0.66829	0.891378	0.640364	0.504627	0.466147	0.446663	0.447151	0.672512	1	0.571359	0.732911	0.608216	0.544082	0.754668	0.726417	0.606267	0.717324	0.698328	0.837961	0.758565	
TMPIT	0.720115	0.67411	0.778633	0.586526	0.267372	0.781906	0	0.752839	0.341482	0.219057	0.103176	1	0.301251	0.792493	0.395573	0.499134	0.808085	0.365159	0.145332	0.448893	0.47565	0.234071	0.540712	0.249278	0.137055	0.231761	0.324543	0.636381	0.322618	0.463908	0.415399	0.231376	0.611935	0.482194	0.311068	
NARFL	0.584081	0.200235	0.0745917	0.329704	0.451228	0.392085	0.387818	1	0.604531	0.0244225	0	0.105488	0.732235	0.622775	0.166838	0.347065	0.530675	0.0086803	0.449463	0.286597	0.978373	0.203913	0.464911	0.120641	0.715904	0.151832	0.28439	0.142416	0.353833	0.472709	0.862586	0.640135	0.347212	0.481095	0.522289	
SYNPO	0.0382039	0.587181	0.415535	0.0523266	0.0287887	0.862756	0.284809	0	0.0794858	0.475828	0.161869	0.62122	0.175267	0.326634	0.405396	0.543907	0.323375	0.602933	0.81568	0.916893	0.582111	0.262538	0.178345	0.494478	0.364114	0.330617	0.28336	0.375158	0.0199167	0.327902	0.194822	0.636973	1	0.353431	0.663408	
OPCML	0.0943657	0.159004	0.197373	0.337193	0.232112	0.523851	0.0464915	0.652955	0	0.14777	0.212409	0.691497	0.00933287	0.572935	0.0979952	0.0852057	0.528517	0.158832	0.346008	0.80159	0.333737	1	0.049084	0.677325	0.704286	0.163498	0.498617	0.546146	0.0744901	0.416868	0.0267888	0.129278	0.611822	0.108538	0.659869	
NFYB	0.705324	0.919676	0.450463	0.621759	0	0.499537	0.376389	0.127546	0.52338	0.615046	0.809259	0.315741	0.898843	0.489352	1	0.488426	0.261574	0.533333	0.290741	0.438426	0.669444	0.0402778	0.267824	0.080787	0.392824	0.424074	0.603009	0.561111	0.780556	0.399306	0.662269	0.855093	0.313889	0.550926	0.614583	
FUK	0.503187	0.652288	1	0.401093	0	0.745277	0.602208	0.725928	0.477123	0.460961	0.415092	0.581038	0.555771	0.652402	0.63715	0.718416	0.430685	0.867972	0.679262	0.689506	0.570339	0.317551	0.440587	0.160824	0.609948	0.464034	0.314591	0.624972	0.224448	0.495447	0.644321	0.611883	0.69053	0.641134	0.523674	
VPRBP	0.242552	0.376144	0.488858	0.438776	0.256979	0.306357	0.207014	0.290758	0.63148	0.814215	0.559231	0.882829	0.377199	0.575651	0.284424	0.268707	0.546094	0.29627	0.304011	0.314215	0.603331	0.919658	0.193408	1	0.412503	0.526624	0.506685	0.631128	0.514075	0.539643	0.547736	0.288295	0	0.393268	0.594652	
CRIPT	0.905442	0.594826	0.924353	0.73488	0.194291	0.285281	0.771632	0.657984	0.991971	0.26851	0.0274755	0.0779661	0.839251	0.564496	1	0.383229	0.582159	0.861374	0.590544	0.524532	0.696878	0.0256913	0.298305	0	0.636574	0.953613	0.0458519	0.489206	0.895986	0.567529	0.808207	0.480821	0.775022	0.252632	0.755575	
DMPK	0.594561	0.870639	0.424226	0.701736	0.185185	0.550367	0.977456	0.324387	0.656826	0.557524	0.406513	0.641439	0.364287	0.485597	0.741993	0.583289	0.5382	0.494901	0.651816	0.519055	0.671319	0.964931	0.602433	0.1893	0.713902	0.518876	0.854536	0.32385	0.707282	0.331186	0.625335	1	0.515477	0.634997	0	
TEPP	0.0930556	0.0578704	0.455093	0.0680556	0	0.0699074	0.0611111	0.0444444	0.000925926	0.297685	0.461111	0.799537	0.106944	0.381944	1	0.087037	0.00787037	0.860648	0.0583333	0.721296	0.0898148	0.0814815	0.114352	0.943056	0.0421296	0.0990741	0.0518519	0.209259	0.0217593	0.0115741	0.193519	0.645833	0.0680556	0.301389	0.126852	
NPW	0.0442478	0.575221	0.327434	0.371681	0.920354	0.132743	0.389381	0.274336	0.141593	0.256637	0.274336	0.415929	0.0265487	0.0265487	0.345133	0.274336	0.283186	0.300885	0.247788	0.20354	1	0.318584	0.300885	0.336283	0.247788	0.353982	0.141593	0.256637	0.0530973	0.00884956	0.690265	0.079646	0.283186	0.309735	0.371681	
GCGR	0.146078	0.0619176	0.327021	0.157499	0.0622182	0.197175	0.188759	0.201383	0.132552	0.0291554	0.168921	0.17373	0.0465885	0.0429817	0.113315	0.18936	0.0291554	0.565074	0.119627	0.241359	0.0943793	0.470995	0.224527	0.0267508	1	0.0709348	0	0.220619	0.166817	0.174331	0.396453	0.0486925	0.338744	0.0772468	0.216111	
PPAN	0.417895	0.473251	0.521306	0.0325236	0.807646	0.283021	0.244657	0.594451	0.70065	0.790522	0.705031	0.709014	0.557547	0.567768	0.244524	0.332139	0.232311	0.457587	0.382716	0.138856	0.44325	0.711536	0.50458	1	0.4394	0.0789858	0.356963	0.399841	0.0334528	0.376344	0.555025	0.242135	0.326696	0	0.688969	
PNOC	0.562418	0.244889	0.212701	0.0878643	0.340583	0.479339	0.0682906	0.143976	0	0.300565	0.0569813	0.748151	0.587212	0.512397	0.561983	0.651588	0.311875	0.613745	0.795128	0.193562	0.0260983	0.0983036	0.382775	1	0.201827	0.332318	0.0956938	0.210526	0.0874293	0.706394	0.628099	0.0722053	0.828186	0.062201	0.0382775	
SUFU	0.533379	0.337225	0.658242	0.80783	0	0.486264	0.414698	0.531181	0.23022	0.0546703	0.370604	0.321016	0.425137	0.343956	0.309066	0.262088	0.46456	0.528159	0.751374	0.362775	0.345604	0.0428571	0.814973	0.0409341	1	0.448489	0.27239	0.380082	0.687363	0.334203	0.485989	0.474451	0.609478	0.583654	0.562225	
TMLHE	0.665434	0.752542	0.728281	0.601895	0.295287	0.808457	0.181146	0.122227	0.288355	0.365758	0.652726	0	0.625693	0.475508	0.68415	0.545518	0.706562	0.668669	0.450555	0.918669	1	0.597043	0.464418	0.0390481	0.597967	0.789972	0.382625	0.18207	0.758549	0.372458	0.801987	0.358364	0.88586	0.310767	0.981516	
GLRX	0.593495	0.529609	0.281797	0.212223	0.538506	0	0.309364	0.220537	0.303967	0.418174	0.441949	0.427946	0.444428	0.250146	0.49154	0.400379	0.24227	0.131564	0.505688	0.427217	0.79682	0.520566	0.0199825	1	0.611144	0.434802	0.353559	0.514877	0.319137	0.230163	0.314907	0.296383	0.292882	0.0425904	0.206826	
CNIH	0.247033	0.315229	0.153384	0.272046	0.545895	0.160113	0.19502	0.322753	0.327139	0.90638	0.81168	0.759894	0.31706	0.208676	0.217932	0.100505	0.52409	0.0974533	0.0840526	0.184459	0.109974	0.989992	0.0401028	0.876242	0.114516	0.256317	1	0.134674	0.256331	0.374425	0.265984	0	0.273025	0.138876	0.433082	
MUTYH	0.194906	0.596521	0.42196	0.511725	0.542786	0.50396	1	0.620904	0.560801	0.219444	0.285603	0.53176	0.492468	0.276285	0.783662	0.624942	0.558782	0	0.561112	0.5959	0.82839	0.274577	0.720298	0.266656	0.873272	0.688461	0.257804	0.400217	0.837397	0.906818	0.490915	0.511104	0.20438	0.795465	0.122845	
ALPI	0.334177	0.0759494	0.44557	0.544304	0.873418	0.121519	0.303797	0.478481	0.167089	0.422785	0.41519	0.308861	0	0.0177215	0.313924	0.172152	0.131646	0.212658	0.0455696	0.18481	0.55443	0.470886	0.182278	0.286076	1	0.736709	0.177215	0.286076	0.35443	0.0911392	0.318987	0.0556962	0.240506	0.16962	0.187342	
CIDEB	0.382039	0.628629	0.271511	0.483473	0.018538	0.408622	0.348548	0.316369	0.327037	0.248776	0.228926	0.202518	0.405999	0.274047	0.23872	0.4805	0.300542	0.309374	0.18914	0.503935	0.490206	0	1	0.329836	0.355107	0.506558	0.210563	0.333333	0.516264	0.391396	0.656523	0.412207	0.386499	0.322403	0.391046	
APOB	0.2624	0.173455	1	0.523137	0.478526	0.32031	0.403436	0.781103	0.482405	0.601552	0.794126	0.852037	0.236354	0.402882	0.568856	0.633971	0.366584	0.858132	0.555278	0.352729	0.560266	0.939041	0	0.675256	0.170407	0.705736	0.440011	0.731782	0.372402	0.687725	0.232751	0.431144	0.620393	0.805763	0.398725	
CTCFL	0.123424	0.142668	0.310551	0.173855	0.147976	0.122097	0.0975448	0.374917	0.154612	0.0842734	0.125415	0.236894	0.0829463	0.0517585	0	0.254811	0.716656	0.16921	0.1858	0.60783	0.81221	0.476443	0.146649	0.286662	1	0.378235	0.0318514	0.643663	0.0444592	0.14864	0.47578	0.676178	0.833444	0.131387	0.771068	
HBEGF	0.00375406	0.0301011	0.00826678	0.0145262	0.681997	0.00944691	0.00090372	0.00243475	0.00370113	1	0.965743	0.89856	0	0.0131441	0.00315028	0.0417064	0.0117582	0.00948808	0.0176078	0.0125462	0.003609	0.973406	0.0020564	0.900158	0.00586732	0.00870002	0.808907	0.00039795	0.00602414	0.016857	0.0137126	0.0235379	0.00630447	0.0043108	0.00332279	
ZYX	0.655298	0.133587	0.170983	0.770118	0.667694	0.693906	0.532687	0.494841	0	0.717382	0.777008	0.636115	0.381614	0.615582	0.180332	0.152078	0.375242	0.964024	0.663885	0.669079	0.300693	1	0.1759	0.464024	0.678047	0.596918	0.530229	0.155748	0.485699	0.320118	0.423373	0.292175	0.69027	0.394598	0.756337	
AICDA	0.372314	0.443778	0.788606	0.241379	0.0454773	0.201899	0.501249	0.224888	0.0269865	0.26087	0.118941	0.108446	0	0.0589705	0.146927	0.0924538	0.294853	0.983008	0.618191	0.110945	0.067966	0.0169915	0.434783	0.16092	0.934533	0.414293	0.111444	0.682659	0.150425	0.726137	0.114943	0.017991	0.254373	0.0924538	0.726137	
LHB	0.673204	0.578713	0.702799	0.610804	0.0559815	0.69335	0.60082	0.900874	0.574791	0.179533	0.0199679	0.333036	0.541986	0.927616	0.609734	0.940988	0.742378	0.121947	0.864325	0.400606	0.623819	0	1	0.681761	0.544304	0.46568	0.276342	0.850241	0.315029	0.477804	0.331075	0.682296	0.420218	0.465324	0.0153325	
NFRKB	0.0514651	0.143537	0.231891	0.171501	1	0.0917745	0.464674	0.387922	0.69344	0.444593	0.517775	0.483266	0.296445	0.0298974	0.64733	0.54678	0.0737766	0.346274	0.199465	0.333928	0.650602	0.607169	0.18459	0.807824	0.212703	0.265209	0.553771	0.158263	0.0645545	0.541127	0.316674	0.332441	0	0.245872	0.278893	
DST	0.562269	0.702577	0	0.551893	0.677938	0.645922	0.914889	0.503338	0.436131	0.736262	0.41525	0.499078	0.40631	0.406858	1	0.795824	0.591286	0.524056	0.571642	0.60912	0.822284	0.863066	0.943952	0.209814	0.670631	0.832427	0.636584	0.396167	0.496674	0.442679	0.238246	0.624901	0.260808	0.942411	0.446554	
SMOX	0.155025	0.188643	0.0944957	0.225135	0.800732	0	0.170092	0.357952	0.324247	0.656419	0.924491	1	0.245515	0.179673	0.314928	0.166173	0.156157	0.30317	0.0997213	0.277913	0.529786	0.868054	0.122278	0.492336	0.27861	0.198223	0.65877	0.21451	0.291238	0.169396	0.243337	0.107995	0.188382	0.173663	0.140219	
MTDH	0.716901	0.454656	0.0621726	0.24566	0.711372	0.514961	0.35759	0.425533	1	0.627619	0.669835	0.0618089	0.696169	0.5484	0.446484	0.270005	0.996217	0.301115	0	0.266804	0.264816	0.556862	0.34937	0.178274	0.156693	0.745781	0.646654	0.815446	0.505019	0.813191	0.883414	0.189864	0.361348	0.659893	0.697017	
PML	0.560219	0.710951	0.655575	0.200397	0.53191	0.33623	0.770549	0.192451	0.435808	0.00198659	0.413211	0.172088	0.194934	0.573876	0.461882	0.703501	0.449218	0.340949	1	0.435808	0.554755	0.253042	0.38664	0.57636	0.452694	0.52744	0	0.508319	0.69183	0.149988	0.598957	0.486963	0.241122	0.424634	0.499131	
SDCBP	0.450597	0.314599	0.343456	1	0.157787	0.13746	0.23534	0.000779917	0.0555204	0.231733	0.209164	0.247136	0.197319	0.366659	0.398148	0.0385572	0.0797465	0.460297	0.2194	0.149452	0.19264	0.120205	0	0.202925	0.272142	0.487302	0.545308	0.133756	0.6097	0.0982696	0.136534	0.244358	0.566171	0.311479	0.356958	
NPPB	0.346154	0.417582	0.686421	0.0647567	0.253532	0.683281	0.811224	0.0306122	0.0922292	0.268838	1	0.490973	0.179356	0.490188	0.425039	0.350078	0.199372	0.107143	0.482339	0.713893	0.706044	0.0792779	0.066719	0.0286499	0.0259027	0.0808477	0.343799	0.552198	0.585165	0.416797	0.341052	0.38854	0.00510204	0.671115	0	
UCN	0.0768893	0.148946	0.202988	0	0.102373	0.302724	0.218366	1	0.164763	0.144991	0.0918278	0.18717	0.190685	0.134446	0.274605	0.308875	0.0377856	0.178822	0.0764499	0.326011	0.0935852	0.11775	0.183216	0.297012	0.318102	0.20167	0.0333919	0.455185	0.183216	0.3058	0.345343	0.056239	0.11775	0.246485	0.311511	
PTPRB	0.350932	0.510204	0.813665	0.285714	0.210293	0.556788	0.289264	0.187666	0.0851819	0.4685	0.996894	0.749778	0.384206	0.517746	0.112689	0.16016	0.204525	0.635759	0.0696539	0.276398	0.393523	0.553239	0	1	0.578083	0.599823	0.751109	0.596717	0.582076	0.0692103	0.167258	0.276841	0.271517	0.405501	0.444987	
DFFB	0.0496381	0.83092	0.648914	0.636505	0.0894519	0.287487	0.737332	0.2606	1	0.0599793	0.089969	0.244571	0.652017	0.6303	0.0956567	0.16546	0.367632	0.703206	0.057394	0.489659	0.594105	0.0625646	0.12668	0.0465357	0.590486	0.506722	0	0.691313	0.286453	0.708893	0.816443	0.602378	0.16546	0.253878	0.550672	
GAST	0.18528	0.497188	0.771011	0.406074	0.457175	0.0986662	0.383256	0.697413	0.263378	0.593926	0.330869	0.332476	0.179656	0.313354	0.41443	0.417966	0.120199	1	0.582034	0.577374	0.424393	0.316568	0.174996	0.670256	0.0221758	0.208581	0.500884	0.44448	0.21999	0.327173	0.140286	0.315764	0.566768	0.394986	0	
RELN	0.0851064	0.242885	0.460348	0.315557	0.311688	0.0768168	1	0.410058	0.208069	0.694391	0.431335	0.69743	0.229621	0.903841	0.0991987	0.711523	0.345952	0	0.605968	0.0630008	0.172147	0.619232	0.220227	0.481625	0.616745	0.659298	0.185687	0.525283	0.314452	0.485217	0.179055	0.245095	0.847472	0.250898	0.900801	
ARVCF	0.481946	0.31306	0.617798	0.289373	0.274392	0.376312	0.31959	1	0.28169	0.145455	0.787068	0.407042	0.319334	0.719334	0.510883	0.497951	0.237516	0.630986	0.465941	0.275544	0.846863	0	0.476312	0.702305	0.215493	0.44968	0.0421255	0.25621	0.216773	0.208323	0.392446	0.266325	0.207939	0.545967	0.00973111	
NMBR	0.468111	0.137461	0.195666	0.27678	0.365944	0.110217	0	0.240867	0.126316	0.0972136	0.292879	0.665635	0.0835913	0.130031	0.0625387	0.149226	0.0693498	0.247059	0.216718	0.193808	0.2613	0.203096	0.0544892	0.178947	0.113932	0.0965944	0.0941176	0.132508	0.186997	0.365325	0.61548	0.426625	1	0.0532508	0.505263	
MME	0.788995	1	0.681977	0.800377	0.33688	0.824488	0.647697	0.424838	0.779634	0.255657	0.405779	0.293171	0.510372	0.592605	0.858836	0.564184	0.727505	0.661773	0.546673	0.691743	0.847656	0.306102	0.845366	0	0.608432	0.95198	0.327384	0.498788	0.820178	0.69309	0.634968	0.294114	0.6151	0.913389	0.372306	
UNG	0.557374	0.278103	0.591448	0.339235	0.151328	0.338233	0.202105	0.941373	0.890596	0.394187	0.0360782	0.132955	1	0.416402	0.594789	0.15851	0.508268	0.313346	0.076165	0.472023	0.152497	0.431101	0.266076	0	0.361283	0.483214	0.448138	0.525806	0.485886	0.552698	0.829798	0.198931	0.356439	0.524136	0.766494	
APRIN	0.284517	0.571942	0.543884	0.92284	0	0.604106	0.682464	0.41574	0.405988	0.00701454	0.083148	0.0668948	0.488965	0.427203	0.685885	0.329683	0.525235	0.351411	0.617964	0.455432	0.588366	0.117536	0.451497	0.0470488	0.499914	1	0.370915	0.214885	0.800342	0.681779	0.6929	0.458169	0.738751	0.895295	0.406672	
NOTUM	0.339424	0.177484	0.819366	0.677589	0.78786	0.336064	0.340895	0.294896	0.0621718	1	0.220332	0.765806	0	0.0646923	0.233984	0.450746	0.0354967	0.0567108	0.414409	0.144717	0.124134	0.447805	0.356018	0.695022	0.240076	0.607645	0.342365	0.185255	0.165511	0.214661	0.0573409	0.308549	0.272002	0.478891	0.869565	
AGT	1	0.640633	0.605666	0.389995	0.0372639	0.837928	0.407351	0.792241	0.321848	0.350434	0	0.224349	0.479326	0.312404	0.335375	0.332568	0.849923	0.863451	0.748596	0.660796	0.281011	0.41169	0.591884	0.218479	0.328484	0.731751	0.0107198	0.442828	0.495406	0.46146	0.194742	0.515314	0.398418	0.317764	0.267994	
JRKL	0.449947	0.328692	0.211843	0.452943	0.0615086	0.358301	0.146634	0.414346	1	0.109623	0.163906	0.17166	0.882446	0.418223	0.293268	0.263659	0.561156	0.00775467	0.419633	0.116144	0.240042	0.227882	0	0.281283	0.540888	0.135883	0.239514	0.365351	0.258019	0.554811	0.547057	0.723123	0.252027	0.118964	0.524145	
CDSN	0.111674	0.109542	0.0724947	0.0972814	0.902452	0.0517058	0.110341	0.110341	0.0551706	0.835554	0.292377	0.721748	0.133529	0.115938	0.0477079	0.0485075	0.0932836	0.0778252	0.109542	0.0943497	0.0842217	0.470149	0.0567697	0.712953	0.1879	0.097548	1	0.115405	0.0770256	0.142857	0	0.0221215	0.174574	0.16178	0.133795	
FGR	0.82611	0.991974	0.35206	0.138577	0.870519	0.65222	0.669342	0.198502	0.0738363	0.917068	0.11236	0.274478	0.0754414	0.082397	0.00802568	1	0.429642	0.0716961	0.134296	0.153558	0.904227	0.133761	0.199572	0.252006	0.128411	0.180845	0.111825	0.629749	0	0.661316	0.502408	0.869984	0.149278	0.619583	0.208668	
CRH	0.409611	0.117162	0.216476	0.28238	0.627918	0.37849	0.524943	0.683295	0.292906	0.422883	0.544622	0.789931	0.00686499	0.116705	0.234783	0.791762	0.275515	0.136842	0.204577	0.190389	1	0.138215	0.747826	0.282838	0.691533	0.249428	0.125858	0.416476	0.13913	0.14508	0.24119	0	0.790847	0.141876	0.481465	
CDIPT	0.707857	0.924625	0.286103	0.631248	0.0541495	0.77817	0.601472	0.290399	0.702242	0.0738441	0.442937	0.507933	0.546812	0.481305	0.531158	0.55919	0.756476	0.349015	0	0.419924	0.265473	0.1328	0.612404	0.213961	0.353014	0.7267	0.312774	1	0.611298	0.847548	0.896593	0.327109	0.402484	0.513335	0.439534	
WASPIP	0.431856	0.689457	0.832249	0.733777	0	0.470126	0.551354	0.66344	0.420814	0.397217	0.633338	0.3234	0.642565	0.679322	0.508698	0.662683	0.502798	0.594161	0.686432	0.571018	0.502345	0.201331	1	0.350023	0.508849	0.956285	0.342157	0.691121	0.66223	0.620027	0.517471	0.559976	0.898956	0.538043	0.878838	
VARS	0.529638	0.385118	0.731017	0.272296	0.447976	0.19923	0.243553	1	0.789756	0.210423	0.33202	0.448335	0.770863	0.397117	0.120792	0.294144	0.99221	0.576558	0.273818	0.37115	0.00295487	0.427561	0.417085	0.210423	0.437142	0.2089	0.0871239	0.82235	0	0.723138	0.855838	0.297009	0.402668	0.259133	0.845272	
SPAR	0.202346	0.0821114	0.783578	0.0803519	0.735484	0.526686	0.350147	0.719062	0.0469208	0.268622	0.0410557	0.0152493	0.442815	0.676833	0	0.448094	0.484457	0.535484	0.523754	0.283284	0.649853	0.629326	1	0.472141	0.493842	0.771261	0.419941	0.677419	0.598827	0.865103	0.318475	0.0175953	0.859824	0.503812	0.443988	
SAFB	0.143558	0.414323	0.334859	0.169937	0.802594	0.553848	0.631785	0.619359	0.424896	0.438195	0.555701	0.782974	0.524853	0.292893	0.670809	0.545237	0.487029	0.670264	0.681927	0.344779	0.465882	0.445062	0.385001	0.417811	0.643885	0.326902	0.371158	1	0	0.450294	0.41465	0.436342	0.285263	0.491171	0.239917	
JUN	0.321224	0.6685	0	0.612493	0.92811	0.217162	0.390193	0.273446	0.2769	0.887667	0.718772	0.986697	0.278414	0.372242	0.36284	0.439143	0.312248	0.201023	0.475003	0.257393	0.357531	0.789532	0.258608	0.858714	0.20032	0.343375	1	0.190022	0.26946	0.333014	0.198252	0.55444	0.197399	0.356359	0.203283	
IQCC	0.425535	0.396273	0.204279	0.380262	0.28461	0.205935	0.30421	0.833126	0.12726	0	1	0.487371	0.200966	0.280607	0.496204	0.145342	0.372947	0.360248	0.0204279	0.29234	0.254796	0.530849	0.213389	0.0469289	0.222498	0.348102	0.269703	0.536646	0.293996	0.126846	0.302415	0.00717736	0.517598	0.524224	0.146308	
RHCE	0.0996016	0.383557	0.391887	0.0862007	0.110829	0.143426	0.166968	0.243752	0.540022	0.101775	0.217313	0	0.424846	0.17711	0.257153	0.316552	0.630206	0.302064	0.0959797	0.860558	0.271641	0.180369	1	0.0764216	0.0670047	0.082941	0.118435	0.88084	0.513944	0.745382	0.403477	0.802246	0.0934444	0.3477	0.908729	
FCAR	0.131712	0.644377	1	0.278284	0.274569	0.392773	0	0.806484	0.225937	0.596758	0.944951	0.119554	0.140493	0.285377	0.278622	0.374198	0.534279	0.115164	0.152651	0.183046	0.266126	0.332658	0.690645	0.482607	0.657886	0.683891	0.182033	0.68693	0.200608	0.247552	0.526174	0.451537	0.374536	0.956096	0.695711	
BCAN	0.533864	0.279929	1	0.166225	0.850044	0.402299	0.313705	0.218921	0.482582	0.809549	0.0300619	0.635897	0.156145	0.409726	0.291247	0.212555	0.250752	0.839611	0	0.728912	0.927851	0.362865	0.638373	0.741114	0.746065	0.343413	0.696905	0.658709	0.506278	0.749248	0.459416	0.0466844	0.267905	0.544297	0.662953	
CNTF	0.241247	1	0.601	0.460177	0.242786	0.1389	0.264332	0.0550212	0.0627164	0.579838	0.0465564	0	0.0838784	0.726048	0.335129	0.559446	0.520585	0.648711	0.271643	0.714506	0.535591	0.410158	0.127357	0.367449	0.0738746	0.208542	0.131589	0.39092	0.103117	0.118122	0.336668	0.519046	0.82147	0.0761831	0.153136	
DLD	0.888857	0.459965	0.184853	0.952956	0.101604	0.378595	0.877222	0.359517	0.908874	0.427374	0	0.193453	1	0.646842	0.648793	0.237318	0.740064	0.676182	0.625163	0.139688	0.409019	0.0206677	0.138387	0.158838	0.10753	0.765718	0.243966	0.267958	0.870429	0.40078	0.965819	0.438214	0.426651	0.185431	0.227273	
JMY	0.453842	0.380963	0.680333	1	0.0766628	0.528326	0.79375	0.530103	0.87586	0.138303	0.0608372	0.119782	0.781651	0.540482	0.893635	0.414564	0.999255	0.333601	0.372706	0.432225	0.541743	0.0284404	0.490367	0	0.364679	0.769667	0.0862959	0.743979	0.891628	0.854587	0.798624	0.601089	0.562787	0.781823	0.78836	
ITPKA	0.0824742	0.0830807	0.149181	0.105518	0.582171	0.28866	0.129169	0.420255	0	0.0685264	0.362038	0.260158	0.105518	0.15282	0.0782292	0.129169	0.108551	0.117647	0.102486	0.116434	0.323226	1	0.0903578	0.194663	0.0315343	0.275925	0.406913	0.164948	0.29715	0.063675	0.0454821	0.121892	0.0345664	0.238933	0.631898	
TXN	0.84788	0.478999	0.315944	0.625253	0.0751203	0.182162	0.654469	0.727141	0.892616	0.419056	0.1624	0.00578068	0.933166	0.646496	0.839736	0.280007	0.465416	0.656947	0.375174	0.1839	0.140217	0.176638	0.0594299	0	0.446735	0.75482	0.317026	0.436541	0.715067	0.572059	0.694934	0.323775	0.580317	0.11026	1	
AQR	0.467236	0.535267	1	0	0.350758	0.766603	0.362539	0.640554	0.712855	0.5469	0.497129	0.687233	0.754823	0.481078	0.167869	0.329407	0.683994	0.488441	0.619055	0.410985	0.636431	0.359299	0.668974	0.759387	0.202916	0.395965	0.781034	0.552054	0.172287	0.957002	0.754381	0.816375	0.257547	0.429834	0.497865	
OSTBETA	0	0.0102679	1	0.117857	0.0866071	0.252679	0.0205357	0.178125	0.0290179	0.0392857	0.134375	0.00848214	0.125446	0.176786	0.0714286	0.0241071	0.126786	0.162946	0.0522321	0.149107	0.0558036	0.0285714	0.253125	0.0517857	0.0549107	0.240625	0.110268	0.127232	0.178125	0.754911	0.222321	0.0308036	0.071875	0.120982	0.162946	
CTBS	0.723464	0.577363	0.24802	0.47474	0.269671	0.503785	0.716775	0.493751	0.870269	0.132019	0.284281	0.0191868	0.65059	0.714487	0.66344	0.420525	1	0.271431	0.55536	0.431438	0.556944	0	0.314205	0.417532	0.491639	0.456434	0.602007	0.313853	0.532477	0.583876	0.788242	0.16916	0.499736	0.336384	0.472452	
MLXIPL	0.113893	0.116675	0.542301	0.30306	0.707413	0.660448	0.693176	0.614466	0.0651285	0.669776	0.333988	1	0.0582556	0.0448372	0.537228	0.552446	0.279005	0.223204	0.410898	0.0713468	0.0610375	0.454754	0.795614	0.918999	0.585665	0.327115	0.429226	0.208967	0.306169	0.576501	0	0.497791	0.248405	0.0764196	0.365734	
MLX	0.601093	0.781721	0	0.437693	0.0967609	0.444295	0.432432	0.65556	0.449247	0.347225	0.364555	0.460594	0.507737	0.524758	0.378997	0.487931	0.538271	0.626057	0.756654	0.4706	0.38302	0.203631	0.491747	0.529812	0.398597	0.606251	0.48267	0.705282	0.255932	0.63204	0.644007	0.596245	0.606148	0.439138	0.475139	
CS	0.661102	0.320972	0.39433	0.893561	0.640137	0	0.688529	0.73142	0.607632	0.374404	0.596399	0.156947	0.599977	0.598554	0.928912	0.385752	0.391291	0.800739	0.70757	0.734421	0.553008	0.344361	0.594168	0.549585	0.533621	0.781389	0.642522	0.350515	0.791737	0.543122	0.553124	0.562625	0.384021	1	0.289583	
COBL	0.683729	0.434897	0.89417	0.838107	0.192972	0.723136	0.519602	0.756246	0.697339	0.0873451	0.170425	0.206378	0.816575	1	0.690433	0.742433	0.745074	0.58379	0.732074	0.731465	0.125533	0.167174	0.790981	0.368475	0.492789	0.886451	0	0.832216	0.718464	0.534633	0.980297	0.674792	0.745074	0.856795	0.07922	
ZPBP	0.0925843	0.293034	1	0.0346067	0.24809	0.146067	0.0566292	0.117303	0.159551	0.254831	0	0.182921	0.032809	0.130337	0.0408989	0.149213	0.461124	0.0319101	0.111461	0.524045	0.98382	0.39236	0.0723596	0.0431461	0.799551	0.383371	0.53573	0.0494382	0.17618	0.110562	0.102472	0.0867416	0.617528	0.320449	0.547865	
ICMT	0.521158	0.166198	0.124751	0.768971	0.0694366	0.582715	0.763701	0.331167	0.336489	0.188507	0.188559	0.0376094	0.196592	0.359771	0.516911	0.301694	0.634908	0.328762	0.165532	0.558	0.434478	0.179809	0.286548	0.178376	0.389091	1	0	0.354347	0.325641	0.576319	0.481707	0.339457	0.390114	0.856368	0.484982	
LFNG	0.65269	0.756146	0.187035	0.482652	0.0343447	0.681556	0.491783	0.168633	0.738025	0	0.0127827	0.0167158	0.914244	0.721028	0.466428	0.361778	1	0.0802079	0.48209	0.579716	0.0883551	0.0330103	0.496488	0.027251	0.327223	0.477384	0.00582947	0.609215	0.147703	0.75734	0.888397	0.615536	0.179871	0.596573	0.552746	
BMPER	0.407833	0.708094	0.536815	0.393734	0.0464752	0.285117	0.627154	0.736815	0.366057	0.21671	0.904439	0.822454	0.455875	0.603133	0.295039	0.356136	0.643864	1	0.252219	0.77859	0.784856	0.194256	0.462663	0.185379	0.679373	0.646997	0	0.777023	0.724282	0.29295	0.283029	0.558747	0.710183	0.609399	0.695039	
PTGFRN	0.72352	1	0.360591	0.551599	0.0241141	0.558116	0.399356	0.541223	0.509391	0	0.0559941	0.0826542	0.358061	0.664324	0.486558	0.709237	0.873889	0.245849	0.54529	0.557619	0.502426	0.215106	0.590732	0.150369	0.350151	0.476791	0.192305	0.502794	0.407923	0.59829	0.50598	0.666325	0.28455	0.584856	0.278529	
NCALD	0.274415	0.139615	1	0.538514	0.528657	0.586657	0.100413	0.563044	0.326685	0.683861	0.604998	0.684778	0.65016	0.311325	0.243466	0.44796	0.086199	0.457359	0.255158	0	0.13801	0.305594	0.704035	0.637093	0.27006	0.2884	0.560981	0.418386	0.471802	0.345484	0.212288	0.231774	0.495415	0.702659	0.479597	
TPPP	0.107233	0.0129468	0.0956938	0.636082	0.149873	0.113707	1	0.11047	0.0690965	0.135941	0	0.0816212	0.22488	0.148185	0.947931	0.110892	0.0265972	0.105263	0.125809	0.15508	0.327751	0.244723	0.36631	0.0485505	0.143541	0.750493	0.0847171	0.0906276	0.750633	0.0807768	0.00478469	0.12595	0.0356037	0.591613	0.221503	
HNRPAB	0.216549	0.216662	0.180932	0.761489	0.774625	0.132539	0.831934	0.489211	1	0.948515	0.950208	0.866017	0.934001	0.180593	0.698176	0.158202	0.556677	0.433279	0	0.0471064	0.0605363	0.637866	0.147549	0.661949	0.376016	0.728377	0.963908	0.662672	0.569429	0.66863	0.775957	0.164635	0.220341	0.393847	0.851503	
FAS	0.359154	0.220071	0.0432831	0.336967	0.875473	0.382687	0.0649567	0.36345	0.0685476	0.770696	0.850401	0.925361	0.170824	0.281308	0.252709	0.325874	0.589933	0.262071	0.286117	0.184097	0	0.745431	0.211606	0.502725	0.274126	0.210644	1	0.185701	0.100866	0.363706	0.239949	0.104392	0.287849	0.0239179	0.382687	
MARCKS	0.633295	0.597256	0.423524	0.981152	0	0.585505	0.447577	0.344229	0.556011	0.382438	0.083238	0.0271283	0.757265	0.806198	0.780056	0.215567	0.436773	0.660069	0.608454	0.669453	0.664248	0.101494	0.439573	0.0269311	0.517527	0.719057	0.373053	0.226411	1	0.743504	0.710816	0.560743	0.986909	0.887623	0.527661	
UBC	0.0589544	0.0545515	0.123457	0.103285	0.548697	0.0994493	0.225631	0.199811	0.0772152	1	0.81116	0.784624	0.0713402	0.0705135	0.273498	0.07206	0.00823876	0.405356	0.0297512	0.21004	0.386563	0.751338	0.204707	0.766373	0.135942	0.204445	0.512586	0.185973	0.0460893	0	0.0342496	0.0338963	0.111618	0.173413	0.206345	
UCRC	0.777339	0.608782	0.819431	0.83203	0.478794	0.622875	0.569839	0.545256	0.894061	0	0.393487	0.299693	0.971547	0.734445	0.876979	0.550594	0.639023	0.723449	0.698999	0.623195	0.397464	0.0794608	0.280875	0.175097	0.414921	0.838943	0.400294	0.396557	0.858134	0.807874	0.873242	0.520005	0.723422	0.481783	1	
HARS	0.0576369	0.176177	0.18796	0	0.39763	0.203394	0.278258	0.580019	0.116362	0.842907	0.628626	0.534102	0.429587	0.361511	0.251425	0.156388	0.458341	0.483381	0.109958	0.238104	0.0813961	0.554915	0.16292	0.779699	0.106948	0.098495	1	0.557221	0.156324	0.0270893	0.357541	0.204355	0.506052	0.0333654	0.624528	
RDX	0.42665	0.0353664	0	1	0.0911858	0.250913	0.649075	0.0598369	0.70185	0.767044	0.718651	0.626735	0.465181	0.394327	0.997504	0.170136	0.185902	0.391953	0.197833	0.291941	0.414719	0.129352	0.331751	0.417945	0.446616	0.789627	0.682067	0.130509	0.698624	0.0454103	0.142988	0.415693	0.374604	0.54815	0.308254	
PIGM	0.410368	0.667278	0.570134	0.41897	0.355087	0.543984	0.118706	1	0.662805	0	0.419888	0.67955	0.805253	0.673586	0.267806	0.264595	0.839316	0.442826	0.658447	0.699507	0.0876247	0.623237	0.674848	0.951715	0.510036	0.673242	0.889207	0.642849	0.504301	0.648813	0.84551	0.189586	0.939557	0.346026	0.410712	
STRC	0	0.21994	0.201403	0.0265531	0.0325651	0.449399	0.501002	0.113727	0.0275551	0.0716433	0.195391	0.0195391	0.106713	0.393788	0.135772	0.192886	0.140281	0.0686373	0.537575	1	0.0656313	0.0340681	0.746493	0.229459	0.1498	0.232966	0.0896794	0.0926854	0.0420842	0.147796	0.00250501	0.123747	0.0526052	0.299599	0.0420842	
ASCIZ	0.466457	0.0892662	0.651013	0.486993	0.0876232	0.508899	1	0.900055	0.565581	0.555723	0.674151	0.660323	0.245208	0.349261	0.813664	0.155805	0.0970701	0.489184	0.204956	0.325575	0.578313	0.338582	0	0.292306	0.646769	0.84707	0.0700986	0.626917	0.566265	0.170181	0.339403	0.400602	0.458516	0.603916	0.699206	
AVP	0.333333	0.443831	0.548803	0	0.253223	0.23849	0.203499	0.405157	0.135359	0.257827	0.298343	0.264273	0.231123	0.162983	0.212707	0.38674	0.151934	0.362799	1	0.325967	0.407919	0.257827	0.218232	0.151934	0.141805	0.1814	0.255064	0.196133	0.111418	0.443831	0.0948435	0.226519	0.109576	0.019337	0.134438	
NBN	0.380418	0.393142	0.184818	0.674358	0	0.303105	0.525555	0.418697	0.788656	0.218568	0.0787147	0.152361	1	0.435842	0.738516	0.371361	0.598339	0.220293	0.430235	0.264503	0.302566	0.123032	0.240996	0.251132	0.271188	0.618396	0.328229	0.388721	0.774639	0.361333	0.920423	0.634893	0.370822	0.27507	0.682985	
ACLY	0.646631	1	0.427518	0.718376	0	0.547347	0.337796	0.713568	0.862412	0.274029	0.296213	0.295831	0.714934	0.600951	0.263592	0.57811	0.802852	0.808371	0.659144	0.333588	0.487678	0.232282	0.52243	0.258237	0.510027	0.411562	0.661767	0.55232	0.214578	0.572373	0.885088	0.807825	0.514507	0.213868	0.505273	
TRIO	0.25961	0.758162	0.065294	0.417991	0.84616	0.155484	0.588116	0.313239	0.240351	0.172551	0.540985	0.364441	0.120332	0.220856	0.287951	1	0.55038	0.303609	0.314883	0.263211	0.3617	0.530964	0.334769	0.278087	0.203398	0.199092	0.638769	0.292805	0.272058	0.581461	0	0.595945	0.143114	0.384953	0.183121	
PTPRM	0.744076	1	0.302573	0.628471	0.199833	0.410866	0.307294	0.299241	0.459182	0.318401	0.0330433	0.0716401	0.229637	0.600056	0.41716	0.973991	0.360422	0.51629	0.935765	0.757497	0.459552	0.413458	0.29341	0	0.531562	0.388097	0.480007	0.398464	0.551648	0.176786	0.570252	0.888375	0.33682	0.509071	0.057201	
PILRA	0.387483	0.266606	0.566426	0	0.852915	0.274062	0.750339	0.383642	0.0533213	0.0799819	0.0666516	0.283778	0.24085	0.068911	0.181428	0.340714	0.356756	0.445323	0.240398	0.462946	0.263895	0.302079	0.610709	0.330095	1	0.431541	0.0178491	0.734071	0.376864	0.277	0.359015	0.119747	0.229101	0.374153	0.484862	
HCCS	0.257587	0.573969	0.297297	0.370555	0.258416	0.0429113	0.558796	0.477359	0.618895	1	0.884661	0.0979137	0.419156	0.241702	0.461712	0.384187	0.507231	0.403509	0	0.213964	0.279635	0.871622	0.279398	0.310811	0.695472	0.416548	0.547653	0.559625	0.33606	0.466335	0.623281	0.147345	0.49431	0.188952	0.704718	
OTOR	0.48677	0.508737	0.18672	0.476286	0	0.770844	0.411882	0.263605	0.122317	0.272591	0.134299	1	0.607089	0.123814	0.420369	0.870195	0.620569	0.698452	0.453819	0.761857	0.0434348	0.483275	0.300549	0.737394	0.249126	0.202696	0.661508	0.0109835	0.471792	0.559661	0.001997	0.210185	0.685971	0.0479281	0.330504	
CHDH	0.355509	0.679201	0.590323	0.205364	0.460952	0.587431	0.593479	0.722587	0.338417	0.435709	0.460952	1	0.380226	0	0.816987	0.477518	0.420983	0.712595	0.521693	0.987378	0.598212	0.49198	0.361557	0.511964	0.816724	0.868262	0.41888	0.953458	0.847226	0.486984	0.0872995	0.636866	0.696555	0.790429	0.892453	
CHRNG	0.224959	0.460841	0.121543	0.354404	1	0.200093	0.584941	0.960493	0.405996	0.643737	0.693934	0.755055	0.412735	0.0276551	0.531025	0.270741	0.269812	0.0527539	0.554962	0.108761	0.461771	0.459912	0.587497	0.436672	0.197072	0.0745991	0.575877	0.706484	0.596096	0.469672	0.0504299	0.302115	0	0.320939	0.409482	
AATF	0.359147	0.050053	0.752821	0.349986	0.566786	0.342849	0.539878	1	0.850902	0.869129	0.759765	0.945993	0.673353	0.266467	0.300318	0.233002	0.725046	0.656862	0	0.133378	0.719356	0.578937	0.151992	0.515479	0.525605	0.272543	0.376893	0.614717	0.25094	0.391648	0.46234	0.477867	0.482207	0.314688	0.572861	
HEXB	0.405439	0.578263	0.342252	0.324494	0.584035	0.576429	0.400244	0.660295	0.554529	0.603253	0.644608	0.501901	0.285244	0.56295	0.357361	0.228372	0.580402	0.276755	0	0.705894	0.581353	1	0.576497	0.848499	0.422858	0.39943	0.86826	0.58631	0.214994	0.611368	0.381332	0.113744	0.51443	0.440581	0.647766	
WWOX	0.342131	0.23299	0.818694	0.263505	0.379107	0.404948	0.2011	0.407148	0.326598	0.203436	0.0684536	0.227629	0.457869	0.476976	0.13512	0.222131	0.138419	0.378007	0.481649	0.232165	0.414021	0	0.105155	0.32701	0.0963574	0.326186	1	0.634227	0.290034	0.219244	0.245498	0.19945	0.416495	0.368797	0.221718	
NNT	0.300895	0.630262	0.102705	0.632296	0.0412853	0.271405	0.392414	0.0511491	0.303335	0.0428107	0.065182	0.187004	0.622127	0.380415	0.335265	0.0101688	0.789506	0.0317267	0.244356	0.206122	0.142262	0.0687411	0.46624	0	0.483933	0.308013	0.216799	0.130669	0.337503	0.378076	0.564775	1	0.42892	0.271812	0.444377	
AVEN	0.284464	0	0.0176655	0.541522	0.107809	0.0746244	0.817566	0.340763	0.566452	0.362226	0.146277	0.107974	0.424963	0.0592703	1	0.0112267	0.173023	0.388146	0.0979033	0.158329	0.00775962	0.269771	0.240053	0.00693413	0.15998	0.226845	0.209345	0.130758	0.307248	0.155688	0.322602	0.0282318	0.304276	0.201915	0.741126	
PAPOLG	0.367126	0.75525	0.89105	0.549398	0.38537	0.934423	0	0.651291	0.492255	0.328744	0.280207	0.378657	0.62685	0.450947	0.601721	0.435112	0.441997	0.503098	0.471256	0.513253	0.4642	0.30895	1	0.501033	0.562478	0.585714	0.31222	0.363511	0.663511	0.63821	0.44062	0.645611	0.841652	0.522892	0.474182	
HRASLS	0.551595	0.469794	0.690807	0.458161	0.262664	0.405629	0.469794	0.923827	0.722702	0.372983	0.227767	0	0.790619	0.735835	0.725704	0.0116323	0.283302	0.460413	0.590994	0.684428	0.369606	0.779362	0.388743	0.378987	0.637899	0.557223	0.405629	0.8	0.424015	0.452158	0.684428	0.209381	0.593246	0.564728	1	
PAPPA	0.249656	0.375287	0.498854	0.285878	0.618065	0.277625	0.480514	1	0.0779459	0.344337	0.207703	0.178359	0.0756534	0.673544	0.430995	0.442228	0.307199	0.592389	0.143283	0	0.72398	0.316827	0.177212	0.142595	0.0976616	0.76983	0.55204	0.607519	0.462861	0.357634	0.416781	0.184548	0.569464	0.348923	0.38652	
ABR	0.322992	0.248749	0	0.479119	0.447002	0.431899	0.352743	0.128651	0.196342	0.327632	0.606678	0.612137	0.208625	0.427259	0.242653	0.453644	0.0867073	0.393049	0.170321	0.447002	0.270312	0.579474	0.300064	1	0.308252	0.356837	0.644345	0.355473	0.410518	0.0896188	0.178055	0.278774	0.25257	0.159767	0.117915	
SQLE	0.299144	0.546571	0	0.391838	0.488141	0.255818	0.26158	0.0695066	0.30843	0.662033	0.792571	0.715764	0.1928	0.409963	0.106372	0.366049	0.356875	0.0505986	0.0875196	0.135853	0.0364175	0.868819	0.163767	0.553787	0.192409	0.184046	1	0.0893936	0.189388	0.33917	0.246504	0.293746	0.200017	0.302305	0.0922746	
LYZ	0.013508	0.0974212	1	0.134261	0.442489	0.0188293	0.0695866	0.0704052	0.188293	0.715104	0.163733	0.694228	0.0397053	0.298813	0.0998772	0.185428	0.346705	0.349161	0.0474826	0.101105	0.16537	0.923455	0.496111	0.0507573	0.0564879	0.0323373	0.755628	0.0830946	0.297994	0.335653	0.262382	0.0409333	0.505117	0	0.0613999	
EDNRB	0.248839	0.197154	0.167247	0.844657	0.768002	0.726481	0.786295	0.376307	0.440186	0.551974	0.142857	0.388792	0.249419	0.0632985	0.149826	0.481707	0.143148	0.23374	0.129791	1	0.315331	0.440476	0.245354	0.62892	0	0.343206	0.326365	0.627468	0.611208	0.00319396	0.00987224	0.270035	0.0740418	0.25842	0.454704	
HUNK	0.21142	0.389614	0.375338	0.287472	0.60571	0.288949	0.947822	0.623185	0.33522	0.454344	0.174255	0.480679	0.186808	0.273689	0.297071	0.343835	0.223234	0.889244	0.392321	1	0.324391	0.352203	0.33522	0.148659	0.233079	0.368939	0.444253	0.460989	0.115678	0.325868	0.0785134	0.474772	0	0.348757	0.557716	
PFKM	0.337255	0.206379	0.8889	0.152005	0.181145	0.241426	0.0275372	1	0.877785	0.189756	0.276073	0.131978	0.958043	0.204977	0.101387	0.0830621	0.817153	0.141741	0.312572	0.15561	0.379562	0	0.0587293	0.124568	0.267511	0.0787563	0.0146197	0.640815	0.202023	0.791268	0.825715	0.301307	0.213789	0.121264	0.893456	
SNRPG	0.673181	0.197973	0.336348	0.314013	0.164168	0.171572	0.63009	0.355647	0.823208	0.289191	0.36906	0.354737	0.824422	0.458336	0.732718	0.52285	0.308673	0.572798	0.38229	0.401833	0.243673	0.185228	0.206712	0.0447897	0.549797	0.341385	0.214117	0.404564	0.266857	0.345937	0.846088	0.394186	0	0.103296	1	
BTD	0.643111	0.822357	0.645781	0.511036	0.408864	0.669811	0.399074	0.504806	0.56853	0	0.515664	0.498398	0.455678	0.854041	0.480954	0.673015	0.893734	0.49911	0.777679	0.604842	1	0.108224	0.713243	0.222855	0.424884	0.428266	0.513884	0.676219	0.374867	0.478284	0.523318	0.591314	0.289605	0.609826	0.423638	
TYROBP	0.244027	0.586174	0.775406	0.433578	0.884358	0.432622	1	0.00892004	0.22332	0.680153	0	0.784326	0.0681746	0.181905	0.253903	0.167251	0.546034	0.112775	0.520548	0.200382	0.508124	0.661039	0.698949	0.670914	0.301688	0.503664	0.38388	0.494425	0.402995	0.416375	0.159605	0.234151	0.645747	0.266645	0.548582	
FANCA	0.0879332	0.288759	0.178362	1	0.36258	0.165499	0.73572	0.207257	0.144187	0.193242	0.158683	0.0660459	0.160987	0.191514	0.610828	0.295863	0.108477	0	0.278295	0.158587	0.061822	0.2566	0.152155	0.214553	0.13958	0.694634	0.166267	0.24988	0.591533	0.179418	0.0443506	0.217529	0.212729	0.740424	0.0290871	
PIP	0.169748	0.0392912	0.0403184	0.162815	0.875963	0.361839	0.806369	0.314073	0.741654	0.334617	0.328711	0.877247	0.0988701	0.0670262	0.242167	1	0.120955	0.0521315	0.208269	0.365691	0.86415	0.0256805	0.0372368	0.174884	0.177196	0.5868	0.0261941	0.700822	0.0364664	0	0.0107858	0.446071	0.657935	0.0115562	0.383667	
PDPN	0.475498	0.189901	0.223615	0.470128	0.8506	0.437458	0.368315	0.397703	0.398299	0.6877	1	0.785784	0.555382	0.616917	0.643917	0.135452	0.235026	0.283285	0	0.170135	0.230178	0.571567	0.248378	0.530096	0.27426	0.644141	0.836503	0.386515	0.633773	0.170732	0.650034	0.141941	0.379429	0.450735	0.273738	
BLVRB	0.668668	0.464685	0.560599	0.31664	0.121052	0.602528	0.626348	0.48787	0.791478	0.221897	0.207693	0.113828	0.728804	0.685166	0.806658	0.517157	0.422512	1	0.607214	0.46078	0.890516	0.116611	0.528774	0	0.689901	0.711232	0.152536	0.685703	0.582272	0.466296	0.729097	0.549666	0.656612	0.437936	0.659833	
FCGRT	0.668716	0.235656	0.451844	0.0420082	0.758197	0.605191	0.485656	0.312671	0.379611	0.00239071	0.213456	0.479679	0.350922	0.229679	0.608265	0.537568	0.231045	0.388149	0	0.407958	0.879098	0.355874	0.208504	0.0153689	0.829064	0.858094	0.0660861	0.67862	0.114754	0.297643	1	0.242828	0.485314	0.396346	0.132001	
GART	0.193316	0.344491	0.559634	0.115561	0.586736	0.34094	0.0590078	0.510131	0.585953	0.689191	0.593107	0.528564	0.612585	0.333003	0	1	0.777232	0.243238	0.544439	0.109086	0.117598	0.422924	0.207415	0.598381	0.249452	0.111645	0.738016	0.402872	0.0576501	0.625587	0.468616	0.514204	0.22188	0.146057	0.609295	
BNIPL	0.480898	0.237243	0.251937	0.0865616	0.0980497	0.23751	0.394336	0.282661	0.136789	0.112477	0.446701	0.00454181	0.182741	0.484638	0.281592	0.593374	0.262624	0.292813	0.522308	0.460593	0.413839	0	1	0.469944	0.458723	0.310179	0.318194	0.173925	0.278921	0.162704	0.11595	0.190756	0.297889	0.39487	0.288539	
GAPDH	0.219491	0.119053	0.291417	0.0989123	0.630792	0.103958	0.565852	0.653759	0.159854	1	0.935272	0.992382	0.190127	0.198074	0.588391	0.231963	0	0.963152	0.11397	0.487081	0.717494	0.701002	0.313574	0.839381	0.286621	0.317817	0.624845	0.383538	0.0547615	0.0946398	0.108442	0.0330082	0.238692	0.315298	0.93937	
TNMD	0.084507	0.124748	0.279678	0.112676	0.464789	0.257545	0.0241449	0.593561	0	0.22334	0.0885312	0.00603622	0.171026	0.144869	0.189135	0.156942	0.259557	0.565392	1	0.422535	0.430584	0.00603622	0.342052	0.404427	0.167002	0.15493	0.181087	0.114688	0.0784708	0.225352	0.183099	0.108652	0.162978	0.454728	0.293763	
PIGY	0.528304	0.429933	0.293295	0.352989	0.0706342	0.474965	0.48931	0.323346	1	0.0838894	0.116165	0.171138	0.912207	0.502746	0.66299	0.422171	0.687049	0.528167	0.452812	0.205547	0.475056	0.170593	0.440147	0	0.548595	0.503427	0.199601	0.612284	0.642789	0.660084	0.818784	0.657724	0.398293	0.289618	0.920015	
LRBA	0.826957	0.41827	0.0184833	1	0.559139	0.541112	0.537613	0.424584	0.841104	0.38602	0.717806	0.562942	0.756903	0.594813	0.61649	0.647524	0.773941	0	0.646003	0.685023	0.219518	0.838899	0.514262	0.520803	0.480262	0.450521	0.773256	0.381836	0.464821	0.716741	0.720697	0.911463	0.584316	0.428311	0.332243	
SPRN	0.264237	0.610081	0.459306	0.171503	0.793367	0.873882	0.695178	0.660266	0.505782	0.715688	0.554659	0.670958	0.173467	0.577351	0.588261	0.0373118	0.367663	0.57866	0.23609	0.430286	0.00589134	0.669649	0.289112	0.427667	0.623391	0.466725	0.572114	0.482217	0.421776	0.502727	0	0.240672	0.333842	0.464543	1	
MYB	0.0993027	0.0982207	0.149555	0.756552	0.128877	0.114811	0.795143	0.097259	0.0577062	0.224573	0.363188	0	0.124189	0.113489	0.894566	0.0501322	0.127915	0.187665	0.106396	0.104112	0.11974	0.184059	0.0932917	0.0988218	0.0301755	1	0.122265	0.132003	0.772061	0.161457	0.0788651	0.117697	0.133205	0.693797	0.256432	
CLPB	0.221944	0.511278	0.935394	0.507101	0.329156	0.672793	0.298524	1	0.120579	0.201615	0.0996937	0.813979	0.257588	0.476747	0.411863	0.661097	0.22445	0.683375	0.772487	0.687274	0.357282	0.432192	0.311334	0.725982	0.31746	0.242551	0.519075	0.589251	0	0.634085	0.0637705	0.3467	0.646617	0.787803	0.842662	
NADK	0.379233	0.307406	0.659596	0.509118	0.590249	0.206922	0.931398	0.472274	0.872721	0.0787743	0.32068	0.166977	0.730803	0.201216	0.918869	0.533309	0.457387	0.62424	0.459993	0	0.274035	0.75735	0.637886	0.16065	0.483315	0.504156	0.27478	1	0.427987	0.739486	0.558988	0.440764	0.328247	0.516685	0.70289	
OGDHL	0.0300188	0.172608	0.390244	0.00562852	0.393996	0.0187617	0.106942	0.159475	0.0318949	0.225141	0.230769	1	0.0393996	0	0.120075	0.185741	0.129456	0.133208	0.129456	0.206379	0.217636	0.560976	0.168856	0.285178	0.369606	0.258912	0.500938	0.348968	0.0712946	0.206379	0.0619137	0.0562852	0.161351	0.144465	0.230769	
MAX	0.415251	0.321217	0.360529	0.060648	0.243678	0.826254	0.104208	0.276274	0.819143	0.191624	0.530522	0.384235	0.723825	0.437574	0.174635	0.191624	0.69271	0.106282	0.21049	0.142434	0	0.157349	0.179178	0.0182734	0.202785	0.116061	0.331588	0.467108	1	0.574872	0.728072	0.488246	0.571612	0.163374	0.37742	
FGG	0.463625	0.529057	0.0262591	0.525183	0.773138	0.216961	0.39647	0.377529	0.122256	0.841584	0.167456	0.431339	0.196728	0.391735	0.329746	0.44167	0.449419	0.160568	0.442101	0.561343	0.34223	0.376238	0.631941	1	0.381403	0.394318	0.628498	0	0.464055	0.446406	0.301765	0.356005	0.389582	0.311235	0.236332	
ALB	0.23254	0.269048	0.725794	0.346429	0.339286	0.121032	0.253571	0.385714	0.340079	0.656746	0.773413	0.137698	0.171032	0.106746	0.16746	0.32619	0.494841	0	0.321429	0.315079	1	0.454365	0.343651	0.663889	0.680952	0.448016	0.350794	0.352381	0.63254	0.235317	0.0944444	0.214286	0.426587	0.663095	0.538095	
LITAF	0.423043	0.100453	0.165757	0.106459	0.0815463	0.177304	0.386541	0.505435	0.246669	0.208138	0.241044	0.114664	0.220657	0.207292	0.563127	0.079347	0.0108277	1	0.069915	0.816648	0.592903	0.080785	0.248995	0.117582	0.559024	0.39314	0.163431	0	0.377702	0.0502051	0.107008	0.12731	0.455103	0.0529544	0.483187	
SHBG	0.188235	0.35	1	0.0794118	0.0382353	0.129412	0.25	0.429412	0.1	0.332353	0.202941	0.458824	0.0852941	0.220588	0	0.338235	0.1	0.623529	0.320588	0.561765	0.208824	0.202941	0.544118	0.205882	0.176471	0.144118	0.447059	0.255882	0.288235	0.0705882	0.0558824	0.170588	0.320588	0.3	0.488235	
PURG	0.416805	0.552338	1	0.69333	0	0.66366	0.136008	0.586043	0.158557	0.533112	0.306907	0.0517446	0.583195	0.55305	0.303109	0.578922	0.212438	0.552575	0.503204	0.597674	0.492286	0.0424875	0.38761	0.152148	0.634939	0.357228	0.279373	0.580109	0.464989	0.762877	0.219796	0.331118	0.828388	0.235699	0.395443	
CRK	0.456736	0.243397	0.308315	0.604002	0.930102	0.379902	0.986216	0.295598	0.257537	0.599555	0.360783	1	0.243486	0.705647	0.607114	0	0.359004	0.669898	0.380614	0.262961	0.142997	0.353046	0.126367	0.0752334	0.164518	0.368608	0.16843	0.39422	0.528057	0.530102	0.273188	0.597065	0.576879	0.84402	0.331347	
MOG	0.105714	0.0893878	0.574286	0.122857	0.791837	0.212653	0.366531	0.663673	0.129796	0.65551	0.939592	0.713061	0.164082	0.0204082	0.330204	0.219592	0.13551	0.0473469	0.684082	0.206531	0.0836735	1	0.514286	0.617959	0.482857	0.283265	0.170612	0.69551	0.247347	0.273878	0.325714	0	0.422041	0.54898	0.566939	
SNRPA	0.443014	0.577785	0.705225	0.880402	0.589123	0.571392	0	0.569772	0.400307	0.37516	0.219504	0.323758	0.477027	0.827807	0.142187	0.532094	0.934277	0.743756	0.871793	0.698576	0.548461	0.0589038	0.692183	0.695763	0.529622	0.34217	0.0427074	0.654505	0.604041	0.484869	0.594237	0.742477	0.885006	0.342597	0.768562	
DENR	0.381313	0.303197	0	0.114811	0.645613	0.239439	0.280446	0.170864	0.504793	0.811706	1	0.995092	0.563965	0.369112	0.397367	0.369157	0.429705	0.405348	0.360534	0.232971	0.194257	0.702858	0.242649	0.631806	0.467089	0.210954	0.696115	0.153709	0.202055	0.38567	0.468694	0.416586	0.190542	0.215403	0.139535	
HRBL	0.307994	0.501471	1	0.157675	0.0470819	0.158656	0.422021	0.692742	0.280039	0.538009	0	0.311427	0.026974	0.639284	0.34306	0.553212	0.0846003	0.666013	0.370525	0.237371	0.781756	0.0308975	0.579941	0.123345	0.142962	0.294017	0.221923	0.496812	0.423247	0.383276	0.0277097	0.406327	0.430113	0.354095	0.0210888	
ASL	0.329364	0.297821	0.133646	0.0599189	0.518368	0.53091	0.39169	0.391563	0.0485179	0	0.31657	0.695465	0.32037	0.343425	0.385229	0.443881	0.445402	0.18305	0.187991	0.477705	0.212313	1	0.664175	0.797188	0.486699	0.0516848	0.203826	0.454649	0.0884216	0.373195	0.351279	0.681277	0.359767	0.541297	0.424373	
CASK	0.522629	0.801223	0.173049	0.74688	0	0.590133	1	0.831791	0.533328	0.590133	0.353486	0.473805	0.490108	0.423962	0.705188	0.482041	0.491636	0.749766	0.450284	0.201834	0.847584	0.227223	0.498005	0.367836	0.10546	0.703745	0.551414	0.334296	0.657468	0.586907	0.54063	0.586822	0.780419	0.642693	0.476097	
EREG	0.0233361	0.0288511	0.00301717	0.0187924	0.60133	0.0107168	0	0.00503608	0.0129282	0.962053	0.747332	0.646588	0.0163393	0.0317206	0.0280319	0.0563011	0.024012	0.0104616	0.0362105	0.00642828	0.0162318	0.952544	0.0155872	1	0.0206144	0.0129327	0.784586	0.00706394	0.013819	0.0170824	0.00500027	0.0240255	0.011245	0.00833975	0.0117464	
IHH	0.4092	0.39988	0.262477	0.33644	0.55021	0.341251	0.762477	0.834035	0.236621	0.231509	0.28623	1	0.129585	0.0159351	0.565544	0.160253	0.162959	0.0583283	0.195731	0.575466	0.0883945	0.549008	0.238725	0.0799759	0.897775	0.244738	0.339747	0.337943	0.378833	0.525556	0.226699	0.341852	0	0.533073	0.45911	
IVD	0.310882	0.446548	0.751918	0.285954	0.0651965	0.360978	0.197507	1	0.590844	0.629674	0.227469	0.215244	0.738974	0.837967	0.341083	0.691275	0.482023	0.455657	0.485139	0.396213	0.714046	0	0.479626	0.639981	0.579338	0.14813	0.366012	0.640221	0.248802	0.551534	0.550815	0.44535	0.28092	0.270374	0.594199	
ARHGDIG	0.851409	0.833333	0.517157	0.0919118	0.740502	0.670037	1	0.808824	0.587316	0.544118	0	0.210478	0.567096	0.199755	0.178309	0.693321	0.53462	0.491728	0.417279	0.691483	0.634804	0.653493	0.0122549	0.330882	0.225797	0.431679	0.428002	0.206801	0.215686	0.0211397	0.302083	0.277574	0.0477941	0.515625	0.11826	
RHOV	0.64257	0.445688	0.718884	0.192607	0.281242	0.60171	0.687956	0.227684	0.727056	0.184561	0.339452	0.624591	0.702917	0.597184	0.545135	0.47297	0.163691	0.563867	0.390495	0.830148	1	0.278476	0.704425	0	0.535454	0.44091	0.105482	0.989816	0.543752	0.408725	0.629495	0.44443	0.43211	0.464295	0.764772	
PLTP	0.312151	0.219199	0.612041	0.201256	0.861144	0.269139	0.293959	0.586174	0.550837	0.538078	0.64703	0.519488	0.660785	0.192982	0.289224	0.24995	0.509769	0.136164	0.0702253	0.366427	0.260915	1	0.268939	0.807815	0	0.192335	0.574013	0.525668	0.0466009	0.468551	0.930024	0.015301	0.202851	0.38133	0.249053	
HYMAI	0.343366	0.251505	0.378958	0.481026	0.0811306	0.130071	0.462706	0.517927	0.291023	0.208846	0.0280031	0.0855797	0.617378	0.201256	0.162785	0.0900288	1	0	0.425543	0.11934	0.0855797	0.468202	0.307773	0.12536	0.479979	0.0293117	0.622088	0.443078	0.252813	0.834337	0.728082	0.572625	0.0656896	0.750327	0.0157027	
CHM	0.5875	0.442898	0.364489	0.321875	0.359659	0.291477	0.0963068	0.424148	0.313636	0.313068	0.440625	0.209659	0.232955	0.271307	0.105682	0.090625	0.150852	0.414773	0.290057	0.496023	0.739489	0.3625	1	0.378693	0.762216	0.4125	0.296307	0.35	0.300852	0.0721591	0.375284	0.0923295	0.563352	0.344602	0	
APOF	0.370681	0.0246792	0	0.0157947	0.352912	0.540967	0.0394867	1	0.258144	0.328727	0.255183	0.0834156	0.17078	0.458539	0.404738	0.0360316	0.0918065	0.185587	0.133268	0.562685	0.0602172	0.207305	0.0394867	0.472359	0.0370188	0.300592	0.368213	0.0256663	0.0138203	0.241362	0.32231	0.606614	0.338105	0.268016	0.669299	
ACD	0.632435	0.270817	0.739096	0.440127	0.0120936	0.709952	0.63065	0.588422	0.744647	0.295004	0	0.195876	0.463918	0.44548	1	0.838025	0.398097	0.381642	0.518834	0.934972	0.883822	0.159001	0.713918	0.16475	0.747224	0.570975	0.403053	0.630056	0.552736	0.635012	0.568596	0.838025	0.828707	0.519826	0.304718	
EMCN	0.150834	0.146181	0.139589	0.288096	0.181853	0.461031	0.12214	0.312136	0.296627	0.562233	0.637844	0.0953858	0.220628	0.328034	0.0414889	0.291974	0.166731	0.189221	0.448623	0.371462	0.0988755	1	0.159752	0.73672	0.1962	0.119426	0.131059	0.537805	0.0554478	0.16014	0	0.27026	0.0911206	0.0182241	0.291198	
SELP	0.342999	0.696134	0.95851	0.610797	0.0884017	0.412541	0.248468	0.561056	0.318482	0.804573	0.958274	0.780292	0.442008	0.760962	0.516973	0.274399	0.433286	0.628949	0.530882	0.407355	0.709099	0.344884	0.560585	0.533239	0	0.477841	0.614333	0.623055	0.634371	0.464875	0.150401	0.298916	1	0.650636	0.342056	
MCC	0.899879	0.712559	0.898578	0.747234	0	0.653993	0.554709	0.789625	0.827647	0.287627	0.303151	0.110997	0.972297	0.779399	0.606675	0.695082	0.580831	0.620433	0.906294	0.762294	0.713396	0.0209166	0.88547	0.338012	0.517059	0.702147	0.385052	0.81928	0.91057	0.567166	1	0.838338	0.548945	0.564377	0.851539	
GYPC	0.706586	0.656227	0.540839	0.549058	0.289772	0.642181	0.428155	0.548746	0.545313	0.530642	0	0.342108	0.426074	0.532099	0.785766	1	0.667568	0.307148	0.608574	0.429196	0.633337	0.422537	0.237957	0.426699	0.757153	0.6324	0.487774	0.39101	0.304859	0.73676	0.528457	0.352617	0.482468	0.674852	0.373426	
PNMT	0.0776256	0.0850976	0.262765	0.124118	0.330012	0.117476	0.15276	0.531341	0.175592	0.3379	1	0.242839	0.667912	0.178912	0.154006	0.151515	0	0.030303	0.142383	0.134496	0.215857	0.163138	0.257783	0.301785	0.178497	0.0294728	0.158987	0.155251	0.449149	0.139062	0.102947	0.164384	0.20631	0.0929846	0.288501	
RGN	0.323415	0.499784	0.496766	0.153514	0.646831	0.589047	0.171626	0.690384	0.294524	0.20138	0.118154	0.812419	0.402329	0.401897	0.343251	0.599828	0.115136	0.314791	0.262182	0.366106	0.094006	0.167313	0	0.760241	0.0858129	0.619664	0.418715	0.664942	1	0.581716	0.50884	0.379474	0.521345	0.0340664	0.50884	
NAPB	0.475982	0.35213	0	0.644319	0.386174	0.606934	0.901838	0.629073	0.513784	0.472431	0.337093	0.15518	0.9434	0.458229	0.923559	0.65142	0.652047	0.517126	0.597327	0.637427	0.557853	0.8066	0.523183	0.0121136	0.558062	0.690685	0.017335	0.631997	0.61132	0.661445	0.498956	0.432957	0.293024	1	0.475982	
PARVA	0.304094	0.457688	0.4785	0.249398	0.599415	0.0849673	0.0245958	0.559512	0.204334	0.764534	0.889405	1	0.210698	0.544892	0.262986	0.684727	0.0529756	0.51806	0.572755	0.611455	0.654799	0.437049	0.437393	0.620743	0.130719	0.238734	0.850017	0.270726	0.118851	0.173547	0	0.204678	0.284486	0.500172	0.490884	
RABEPK	0.353476	0.46312	0.60765	0.311238	0.53526	0.285946	0.399701	0.845253	0.934463	0.426115	0.730002	0.363818	0.684899	0.518689	0.577623	0.324819	0.421754	0.48779	0.617369	1	0.84924	0.50162	0.413406	0.459507	0.264391	0.218291	0.25081	0.809494	0.385871	0.718041	0.852978	0.405432	0.282706	0	0.828308	
NMI	0.5742	0.368927	0.46403	1	0.430885	0.683616	0.803766	0.00546139	0.651789	0.0856874	0.0546139	0.0461394	0.529755	0.604143	0.805838	0.524482	0.353484	0.70904	0.508475	0.576648	0.840113	0	0.699623	0.217702	0.843879	0.666478	0.0269303	0.823352	0.816008	0.441055	0.580791	0.346516	0.853861	0.568173	0.588701	
CENPN	0.258065	0.136412	0.73308	1	0.244993	0.21168	0.408813	0.659709	0.334598	0.131773	0.11575	0.116171	0.15876	0.598988	0.271136	0.145056	0.186802	0.17626	0.698292	0.441704	0.414506	0.306979	0.0756905	0.252794	0.578748	0.464263	0	0.210205	0.494624	0.22159	0.255324	0.296226	0.844613	0.947291	0.442336	
GALT	0.641408	0.371283	0.976733	0.324872	0.123056	0.699266	0.470947	0.537016	0.476919	0.0885903	0.0372029	0.17295	0.570611	0.364813	0.327237	0.523081	0.423417	0.866368	0.672266	0.546597	0.69516	0	1	0.0526316	0.662063	0.300983	0.0335946	0.535772	0.36755	0.415951	0.665671	0.48426	0.594998	0.298868	0.58492	
GRPR	0.878154	0.534756	0.239936	0.482689	0.169887	0.352523	0.0471014	0.601315	0.222356	0.600107	0.591922	0	0.618626	0.392244	0.299651	0.593532	0.415862	0.478529	0.60789	0.292405	0.027912	0.380166	0.260333	0.606012	0.382582	0.531669	0.139828	1	0.640633	0.432636	0.517042	0.377348	0.273349	0.458803	0.861648	
CHGA	0.122883	0.374192	0.656298	0.354173	1	0.150909	0.0893132	0.352017	0.340622	0.254389	0.635972	0.299661	0.272251	0.0369572	0.230366	0.247613	0.612873	0.810902	0.28611	0.473668	0.951956	0.855867	0.0052356	0.705266	0.505698	0.28765	0.198337	0.454881	0.191561	0.221743	0.49615	0.109948	0.584848	0.55713	0.697567	
WRB	0.356608	0.423421	0.204373	1	0	0.245967	0.831341	0.153256	0.605053	0.200097	0.143586	0.00558795	0.387464	0.242468	0.936783	0.449611	0.211759	0.310739	0.167541	0.430515	0.429057	0.0360058	0.287561	0.0354713	0.184791	0.677211	0.153693	0.209718	0.969242	0.259475	0.540622	0.196744	0.376531	0.83931	0.227357	
MSRA	0.226027	0.0448586	0.0026005	0.315419	0.41738	0.137501	1	0.489435	0.401344	0.570484	0.282371	0.206631	0.510131	0.831618	0.336873	0.131325	0.263517	0.573843	0.532994	0.133817	0.0264384	0.397443	0.216058	0.0867916	0.164807	0.279879	0.341532	0	0.170766	0.231011	0.515007	0.0708636	0.192437	0.121032	0.0369487	
PSPH	0.895654	0.640237	0.366199	0.622388	0.161239	0.559617	0.621101	0.430772	0.863861	0.266873	0.265886	0.0872699	0.923928	0.770026	1	0.540095	0.60278	0.777106	0.697988	0.458017	0.48346	0.250397	0.408933	0	0.858969	0.823487	0.500794	0.597546	0.829021	0.572189	0.861286	0.576994	0.591754	0.398121	0.810229	
CGA	0.18364	0.197546	0.466667	0.28998	0.0948875	0.26544	0.262168	0.193047	0.115746	0.0605317	0.353783	0.0278119	0.251125	0.196319	0.441309	0.258896	0.184049	0.245808	0.307157	1	0.0932515	0	0.43681	0.510429	0.498978	0.433538	0.18364	0.186503	0.262577	0.263804	0.211452	0.151738	0.312474	0.806544	0.764417	
RBAK	0.503187	0.555461	0.594985	0.230344	0.449214	0.448789	0.482788	0.131747	0.314067	1	0.853804	0.569486	0.682958	0.19592	0.294518	0.21037	0.337867	0.141521	0.523587	0.507437	0.58521	0.442839	0.737357	0.480238	0.0586485	0	0.745006	0.699108	0.266468	0.472588	0.314492	0.477263	0.630684	0.436039	0.19932	
NDP	0.321155	0.203059	0.582838	0.282923	0	0.682243	0.605777	0.797791	0.46729	0.637638	0.628292	0.968564	0.337298	0.54418	0.0917587	0.806712	0.274427	0.313084	0.137213	0.612999	0.47876	0.96559	0.562447	1	0.590909	0.283347	0.705183	0.00594732	0.35514	0.523364	0.0938828	0.375531	0.324129	0.668649	0.648683	
LDHA	0.413177	0.0829466	0.225727	0.217677	0.0907743	0.153276	0.201123	0.724286	0.59416	0.70965	0.355686	0.495169	0.533428	0.440477	0.4973	0.201901	0.42899	0.428888	0.11158	0.179946	0.177084	0.169858	0.014581	0.525785	0.251674	0.107486	0.451472	0.263439	0.0618348	0.406655	0.261281	0.0312555	0.185347	0	1	
POLL	0.344986	0.238753	0.273984	0.474255	0.210298	0.337669	0.334146	0.19187	0.263957	0	0.315989	0.186179	0.318699	0.281301	0.101897	0.26748	0.823848	0.852304	0.265041	0.147154	0.57019	0.222764	0.871003	0.00325203	1	0.126016	0.166938	0.174526	0.233333	0.575881	0.581301	0.319241	0.366125	0.779946	0.557453	
ILVBL	0.24354	0.827796	1	0	0.545845	0.371346	0.281852	0.664172	0.448967	0.338322	0.334531	0.411853	0.398683	0.0439988	0.094782	0.346902	0.779008	0.087399	0.0094782	0.329642	0.0749277	0.670258	0.539958	0.797466	0.40866	0.259703	0.541056	0.837873	0.148359	0.593435	0.526888	0.360471	0.481792	0.275965	0.535069	
SVH	0.617243	0.584891	0	0.503628	0.45924	0.453863	0.562441	0.288348	0.781989	0.630815	1	0.592147	0.518651	0.735638	0.41195	0.597866	0.356722	0.493299	0.230986	0.620487	0.759795	0.605975	0.542894	0.538028	0.600512	0.752796	0.455911	0.683824	0.705762	0.528809	0.533333	0.429962	0.57994	0.600341	0.74093	
MVK	0.526561	0.735319	0.799832	0.187471	0.205303	0.61012	0.657362	0.544954	0.41434	0.618616	0.476239	0.297358	0.210905	0.689385	0.462048	0.811315	0.324246	0.68593	0.68425	0.543553	0.230791	0	1	0.585099	0.422836	0.320698	0.437121	0.950238	0.707404	0.603585	0.513024	0.437401	0.483895	0.557744	0.652693	
ECD	0.234056	0.515105	1	0.451846	0.16189	0.595275	0.301962	0.679318	0.379293	0.428737	0.51007	0.161374	0.15763	0.481668	0.215337	0.709657	0.431836	0.429899	0.408211	0.580816	0.516137	0	0.254325	0.259618	0.192874	0.238704	0.158921	0.472631	0.219339	0.428608	0.557707	0.523625	0.525045	0.109863	0.920088	
DTL	0.185123	0.17033	0.314032	1	0.16399	0.301352	0.47929	0.06847	0.187658	0	0.289659	0.0540997	0.110172	0.211327	0.608059	0.202311	0.10355	0.179346	0.205692	0.160609	0.266413	0.0262046	0.0559312	0.170189	0.150606	0.56847	0.135249	0.169484	0.682868	0.0846717	0.139617	0.285855	0.166244	0.603973	0.247535	
SNRPC	0.417941	0.462367	0.47877	0.398633	0.40393	0.559248	0.290389	0.845963	1	0.537804	0.338573	0.467749	0.866724	0.474925	0.525502	0.354549	0.54481	0.763007	0.647501	0.846561	0.249039	0.297907	0	0.290132	0.445707	0.83836	0.508842	0.40598	0.545835	0.599231	0.69167	0.251773	0.505596	0.299701	0.79402	
LMLN	0.46836	0.58162	0.769045	0.54212	0.496977	0	0.0580411	0.538493	0.48287	0.569931	0.782346	0.367594	0.29867	0.354696	0.726723	0.523176	0.724305	0.816203	0.324063	0.87505	0.75655	0.250705	0.820637	0.6316	0.470375	1	0.0854494	0.537283	0.196292	0.804111	0.525998	0.537686	0.661024	0.91979	0.778315	
OSMR	0.389515	0.605666	0.0539349	0.320201	0.463256	0.32073	0.113571	0.0795408	0.239641	0.886821	0.949454	0.744137	0.16249	0.39551	0.0507023	0.429814	0.553357	0	0.261407	0.334463	0.171405	1	0.181984	0.95541	0.196462	0.2531	0.907607	0.0158102	0.0261152	0.584331	0.0443156	0.43818	0.217699	0.181788	0.00137139	
POLH	0.533407	0.343669	0.541344	0.969731	0.543189	0.584164	0.93983	0.293282	0.341824	0	0.182171	0.0987449	0.219638	0.415836	0.922296	0.539867	0.419712	0.356958	0.369324	0.362126	0.404393	0.189738	0.653562	0.0561093	0.583426	0.800664	0.0295312	0.673496	0.789959	0.436877	0.861573	0.458472	0.475637	0.745109	1	
PPCDC	0.690395	0.512332	0.617606	0.441749	0.479647	0.601564	0.410668	0.485061	0.921195	0.436736	0.187287	0.606176	0.631843	0.553639	0.611791	0.436936	0.717064	0.667135	0.530981	0.981151	0.776619	0.643473	0.947864	0	1	0.912372	0.288149	0.778023	0.62322	0.621616	0.662523	0.319029	0.457189	0.660918	0.968518	
GPI	0.618487	0.456743	0.78652	1	0.538016	0.57933	0.786274	0.985571	0.914966	0.148363	0.302337	0.236912	0.723192	0.406549	0.592835	0.356601	0.765431	0.869705	0.418141	0.540297	0.54893	0.223099	0.426836	0	0.678362	0.872295	0.330764	0.814824	0.51705	0.853364	0.736203	0.484985	0.723808	0.554912	0.873528	
OAF	0.026496	0	0.39075	0.484882	0.839391	0.111146	0.157027	0.613622	0.511483	0.423778	1	0.56221	0.358565	0.39981	0.300569	0.438527	0.488464	0.428782	0.264064	0.326538	0.165929	0.419248	0.467394	0.619416	0.151075	0.22224	0.403129	0.637221	0.29035	0.491098	0.594132	0.0872314	0.0686894	0.358196	0.415613	
VASN	0.7161	0.675578	0.368937	0.372808	0.329503	0.0795936	0.495343	0.410306	0.578202	0.339059	0.460748	1	0.333132	0.532237	0.724205	0.783597	0.296359	0	0.510947	0.693117	0.609774	0.871537	0.750696	0.688279	0.416233	0.66832	0.685859	0.405588	0.296359	0.278215	0.423491	0.691182	0.416959	0.606508	0.0990686	
HEYL	0.379507	0.698292	0.976145	0.497696	0.851721	0.447547	0.719707	0.853077	0.452426	0.214692	0.376254	0.413662	0.441583	0.252643	0.628355	0.29981	0.421523	0.612632	0.445649	0.245324	0.290594	0.589591	0	1	0.474383	0.158037	0.159393	0.172676	0.650041	0.519382	0.489292	0.390079	0.3074	0.552453	0.905937	
HELLS	0.573067	0.648878	0.553865	0.566085	0.225187	0.426683	0.862344	0.508728	0.525436	0.274564	0.0745636	0.0975062	0.440648	0.441646	0.834414	0.261845	0.478554	0.149875	0.467332	0.575062	0.279052	0.00074813	0.397007	0.360848	0.466085	0.642643	0	0.359601	1	0.510723	0.345636	0.370075	0.390524	0.991521	0.401995	
PTS	0.614651	0.653949	0.301157	0.781	0.274831	0.543813	1	0.218492	0.919115	0.859723	0.857434	0.683709	0.52321	0.614015	0.31769	0.94862	0.437238	0.433168	0.609564	0.343635	0.368053	0.713214	0.363729	0.508457	0.487219	0.558693	0.860995	0.403408	0.369961	0.643139	0.662088	0.64263	0.438255	0	0.830599	
RBPSUHL	0.190563	0.294064	0.287367	0.216134	1	0.708371	0	0.623744	0.22618	0.249011	0.213699	0.00852359	0.11172	0.340944	0.20761	0.169559	0.196651	0.170776	0.491933	0.116591	0.798174	0.357078	0.276712	0.552207	0.589954	0.487671	0.0937595	0.313851	0.0350076	0.047793	0.168341	0.190868	0.248706	0.130289	0.445967	
PRELP	0.180559	0.359289	0.956885	0.686438	0.30128	0.888163	0.283773	0.737654	0.0992945	0.756206	0.421479	0.283512	0.155213	0.731905	0.360073	0.649856	0.372616	0.392997	0.259472	0.129083	0	1	0.571989	0.341259	0.345702	0.294487	0.510844	0.820486	0.631304	0.562843	0.220538	0.547165	0.614319	0.582441	0.548471	
GFER	0.693781	0.353957	0.826947	0.133166	0.517902	0.406407	0.738065	0.706658	0.36495	0.908606	0.306219	0.300879	0.487123	0.850817	0.934045	0.61495	0.156721	0.786432	0.654209	0.797111	0.836369	0.577261	0.361181	0.071608	0.388191	0.696294	0	0.584485	0.0851131	0.444724	0.707601	0.499686	0.404523	0.304648	1	
GSR	0.380853	0.150929	0.294272	0.627256	0.0878891	0.359927	0.768506	0.556369	0.389485	0.372221	0.154329	0.299503	0.511902	0.154852	0.946377	0.382684	0.447293	0.258959	0.254774	0.253989	1	0.404656	0.309966	0.109861	0.712529	0.979336	0	0.586189	0.738687	0.23254	0.415904	0.276223	0.631964	0.995292	0.879414	
LCT	0.319004	0.774608	0.593411	0	0.0204902	0.678988	0.416633	0.224588	0.221776	0.416231	0.276818	0.912816	0.252712	0.654078	0.31137	1	0.478505	0.494978	0.64082	0.410205	0.11129	0.0466051	0.608276	0.394134	0.362796	0.697871	0.00281237	0.509442	0.00401768	0.671756	0.413419	0.64323	0.368823	0.498192	0.267577	
MRRF	0.217825	0.371937	0.271465	0	0.203939	0.0268651	0.203667	0.497186	0.388637	0.47731	0.253404	0.161735	0.41287	0.208568	0.12171	0.370938	0.153839	0.553276	0.386277	0.41768	0.206208	0.271011	0.21601	1	0.445362	0.239789	0.399074	0.450717	0.286622	0.410601	0.301053	0.201488	0.231349	0.337357	0.620712	
MLCK	0.788942	0.401698	0.519156	0.515485	0.267722	1	0.375315	0.21771	0.493003	0.313833	0.258775	0.42808	0.458133	0.571691	0.30741	0.576279	0.448497	0.742372	0.277128	0.227805	0.171828	0	0.370727	0.687084	0.490709	0.771507	0.368663	0.301445	0.517091	0.450562	0.200734	0.427621	0.604267	0.401239	0.900895	
RELA	0.662208	0.618997	0.363316	0.927572	1	0.501903	0.640714	0.404847	0	0.658905	0.41106	0.826542	0.292735	0.717284	0.227527	0.31462	0.575618	0.942293	0.533471	0.785235	0.105228	0.56392	0.445315	0.52905	0.498153	0.556756	0.297884	0.615695	0.937647	0.610769	0.660752	0.609482	0.851786	0.371488	0.760607	
PHB	0.244383	0.116707	0.721116	0.125759	0.454797	0.03514	0.0961559	1	0.474284	0.514535	0.549143	0.442445	0.784474	0.00894473	0.137685	0.0743265	0.523693	0.324034	0.101906	0.172186	0.0356725	0.368225	0.216164	0.518688	0.397082	0.0861463	0.384198	0.398893	0	0.586732	0.617826	0.160153	0.223725	0.0846555	0.759876	
CLTB	0.422234	0.166985	0	0.454029	0.884689	0.133839	1	0.089521	0.479028	0.335832	0.958801	0.654625	0.552535	0.238583	0.867325	0.154974	0.050696	0.721056	0.0265351	0.362227	0.363996	0.416601	0.158093	0.0377543	0.421722	0.580606	0.432894	0.406871	0.612076	0.187468	0.62553	0.0797449	0.480006	0.276803	0.318281	
LTK	0.302026	0.559967	0.295455	0.522727	0.943045	0.0607886	0.00547645	0.0572289	0.0383352	0.276287	0.440307	0.134721	0.112815	0.412377	0.3431	0.180997	0.331325	0.0375137	0.308324	0.438664	1	0.1569	0.318182	0.0720153	0.964129	0.144304	0.340361	0.404984	0.264513	0	0.373768	0.259036	0.165389	0.706736	0.728642	
ARSE	0.645977	0.67484	1	0.187739	0.591315	0.584674	0.25696	0.144828	0.341762	0	0.639336	0.338186	0.470754	0.598978	0.390549	0.783908	0.710345	0.861303	0.49272	0.372414	0.35811	0.231928	0.607663	0.51954	0.518263	0.749425	0.49553	0.489655	0.616347	0.601277	0.403321	0.712644	0.398723	0.765262	0.778033	
PYCRL	0.079602	0.552239	1	0	0.10199	0.164179	0.475124	0.813433	0.174129	0.236318	0.718905	0.116915	0.186567	0.517413	0.079602	0.106965	0.109453	0.554726	0.0497512	0.885572	0.589552	0.507463	0.788557	0.293532	0.18408	0.154229	0.124378	0.915423	0.0696517	0.218905	0.248756	0.507463	0.0721393	0.559701	0.238806	
GALE	0.390195	0.369286	0.859553	0.327181	1	0.28695	0.491132	0.627397	0.171882	0.885364	0.861716	0.592358	0.261428	0.125162	0.259841	0.677866	0.312473	0.66633	0.38212	0.209805	0.302235	0.79279	0.495602	0.932516	0.37318	0.581255	0.565681	0.589329	0	0.074982	0.052199	0.33093	0.233309	0.762076	0.264744	
INHBB	0.0973573	0.224187	0.34188	1	0.421161	0.412025	0.965812	0.167207	0.166618	0.385303	0.586403	0.391198	0.0704391	0.237548	0.801257	0.384517	0.158856	0.153257	0.155418	0.340603	0.353768	0.209058	0.238236	0.257982	0.230278	0.692799	0.262796	0	0.660281	0.161607	0.204342	0.0836035	0.272522	0.949897	0.0505944	
SNIP	0.575389	0.341056	1	0.559438	0.238891	0.0653247	0.441701	0.439423	0.236612	0.134827	0.213065	0.353969	0	0.238131	0.424231	0.488416	0.061147	0.752374	0.306115	0.29624	0.341815	0.0789973	0.0672237	0.558299	0.042537	0.48082	0.122294	0.236232	0.491455	0.941512	0.40714	0.07406	0.776301	0.660084	0.115458	
PRND	0.338821	0.24004	1	0.504774	0.591373	0.471518	0.22193	0.596641	0	0.377675	0.530458	0.667435	0.500494	0.593349	0.342114	0.4297	0.680277	0.117221	0.39809	0.336187	0.536714	0.614751	0.347053	0.356931	0.67402	0.481067	0.574909	0.577544	0.505762	0.206124	0.320711	0.195917	0.717155	0.653606	0.513336	
DNER	0.276212	0.567206	0	0.594919	0.601848	0.643418	0.440185	0.761663	0.387991	1	0.642032	0.49515	0.194919	0.27806	0.247575	0.459584	0.526097	0.331178	0.757044	0.283141	0.830485	0.551501	0.832333	0.47067	0.539492	0.571363	0.457275	0.30485	0.41709	0.432333	0.514088	0.624018	0.529792	0.70254	0.24157	
TFRC	0.121099	0.329115	0.560929	0.167385	0.50991	0.272944	0.340159	0.832805	0.692639	0.539169	0.615495	0.73658	0.457193	0.124861	0.183398	0.299174	0.62159	0.050449	0.0574032	0.0869175	0.240709	1	0.394481	0.727076	0	0.263073	0.745409	0.7319	0.131494	0.862319	0.555129	0.00287081	0.0608573	0.481386	0.552481	
NKTR	0.528026	0.31623	0.110584	0	0.358945	0.398992	0.228467	0.14426	0.584374	0.24536	0.214278	0.373912	0.555774	0.471641	0.197051	1	0.55733	0.343571	0.656392	0.384729	0.446449	0.420442	0.713185	0.439188	0.46538	0.0430112	0.225021	0.247101	0.222132	0.628496	0.46438	0.484163	0.265587	0.300263	0.133331	
HNRPD	0.120322	0.398698	0.071166	0.593419	0.0665161	0.453301	0.409902	0.300075	0.188831	0.52832	0.174306	0	0.576502	0.296621	0.519995	0.732474	0.542846	0.630752	0.740623	0.519153	1	0.436163	0.250299	0.632921	0.397104	0.39179	0.156769	0.575882	0.413179	0.555688	0.242859	0.466188	0.634914	0.487888	0.484301	
HEMGN	0.511213	0.404755	1	0.49311	0.110781	0.352878	0	0.385571	0.281005	0.222913	0.421778	0.0305323	0.382599	0.215617	0.1505	0.313969	0.348284	0.392597	0.340989	0.511483	0.128614	0.353418	0.565253	0.366928	0.255066	0.620913	0.0278303	0.7806	0.495272	0.45231	0.268576	0.265874	0.445285	0.456633	0.772224	
LYST	0.32158	0.399104	1	0.201217	0.35661	0.425405	0.187435	0.366716	0.311933	0.220283	0.340186	0.203859	0.237625	0.425979	0.463765	0.633858	0.17216	0.458597	0.33743	0.490869	0.683014	0.098886	0.401631	0	0.191915	0.367635	0.110945	0.354427	0.322729	0.247961	0.35259	0.808085	0.35282	0.516366	0.0267601	
EVL	0.762027	0.539278	0.958547	0.626407	0.533265	0.794396	0.730425	0.857344	0.624872	0.329452	0.300665	0.0812436	0.74629	0.58086	0.696008	0.487462	0.796443	0.523669	0.478634	0.705348	0.894831	0	0.698311	0.222364	0.7152	0.823695	0.124744	1	0.880885	0.713664	0.79414	0.530834	0.792989	0.832267	0.761771	
FUS	0.214889	0.141255	0.474046	0	0.583767	0.331383	0.401062	0.655668	0.16515	0.539824	0.701073	1	0.240193	0.0728218	0.253305	0.30635	0.327102	0.502492	0.237917	0.291612	0.492848	0.621261	0.571305	0.64559	0.510241	0.218574	0.508344	0.402742	0.162495	0.26891	0.398461	0.185793	0.12202	0.380418	0.185414	
SYP	0.410978	0.546125	1	0.173432	0.275369	0.0940959	0.124539	0.142528	0.180812	0.319649	0.0382841	0.0258303	0.119004	0.163745	0.16928	0.166974	0.688653	0.206642	0.250461	0.245387	0.26845	0.0964022	0.313192	0	0.232472	0.273063	0.399908	0.164207	0.665129	0.436808	0.24262	0.697417	0.388838	0.200646	0.101476	
OMD	0.794637	0.391225	0.892748	0.580134	0.259598	0.305911	0.453991	0.781231	0.468617	0.106642	1	0.443632	0.241316	0.0463132	0.628275	0.416819	0.608775	0.342474	0.185862	0.54479	0.0341255	0	0.2078	0.421694	0.0493601	0.243144	0.528336	0.734918	0.550884	0.095064	0.262645	0.408897	0.605119	0.492992	0.575259	
OSTALPHA	0.186312	0.0380228	0.0904943	0.241825	0.0714829	0.18327	0.165019	1	0.0326996	0.637262	0.134601	0	0.253232	0.565019	0.146768	0.177947	0.0197719	0.247148	0.280608	0.787833	0.18403	0.00152091	0.438023	0.277567	0.26616	0.179468	0.0311787	0.140684	0.219011	0.193156	0.0456274	0.21597	0.260076	0.0965779	0.193916	
SBEM	0.561634	0.750061	0.11646	0.10406	0.267202	0.764162	0	0.740579	0.452711	0.106492	0.449307	1	0.265986	0.569171	0.45417	0.438123	0.471189	0.690494	0.719426	0.603939	0.651593	0.329929	0.543885	0.0641867	0.30513	0.474593	0.373936	0.549964	0.242888	0.315098	0.0714807	0.514709	0.652079	0.341843	0.21663	
SRF	0.381268	0.190003	0.612583	0.42936	0.229896	0.741249	0.640807	0.629927	0.531851	0.624409	0.561652	0.331757	0.631504	0.209871	0.212709	0.507411	0.621728	0.489278	0.331914	0.313939	0.866446	0.456165	0.640019	0.32198	1	0.443709	0.210186	0.0310628	0.345002	0.481394	0.743141	0.418953	0.185588	0.420687	0	
CRYGD	0.252986	0.4683	0.458806	0.0508423	0.482389	0.0819296	0.604594	0.533384	0.025268	0.21026	0.361715	0.609188	0.264931	0.277948	0.0217458	0.489433	0.299081	0.0177642	0.446708	1	0.666309	0.65758	0.4	0.572129	0.462021	0.508116	0	0.415008	0.282389	0.551149	0.39464	0.314089	0.26876	0.311026	0.571363	
FAP	0.315725	0.657632	0	0.780738	0.581853	0.514418	0.381776	0.195925	0.226067	0.491234	0.693156	0.79381	0.111419	0.415379	0.0645136	0.482699	0.402191	0.337678	0.411688	0.417686	0.392926	1	0.267166	0.332065	0.492118	0.207228	0.831373	0.0287197	0.140984	0.335025	0.0855056	0.369473	0.443368	0.436678	0.139639	
NFKBIB	0.491697	0.466456	0	0.400033	0.524078	0.412321	0.50714	0.454998	0.631352	0.599801	0.467619	1	0.0728994	0.318665	0.800731	0.237131	0.206078	0.371471	0.477748	0.0974759	0.37363	0.269678	0.456493	0.572069	0.589007	0.59731	0.387247	0.857024	0.719861	0.439389	0.379276	0.50465	0.399203	0.295915	0.402026	
STS	0.0260889	0.1951	0.790154	0.444873	0.104356	0.0449183	0.0669238	0.962341	0.194873	0.107759	0.129764	0.490472	0.475726	0	0.12137	0.209392	0.422414	0.67922	0.424002	1	0.00476407	0.175136	0.345735	0.434891	0.230717	0.425817	0.193058	0.741833	0.350953	0.4299	0.332577	0.428766	0.316924	0.33167	0.588702	
PTMA	0.315578	0.0620979	0.743907	0.801794	0.0873855	0.00038994	0.635933	0.680951	0.690485	0.122597	0.104172	0.0666017	0.87403	0.238507	1	0.0691558	0.434276	0.562995	0.0662702	0.207526	0.263872	0.0855722	0.0805225	0	0.189355	0.708364	0.112829	0.677695	0.531293	0.502262	0.872197	0.175102	0.1628	0.341314	0.774673	
RHOC	0.631053	0.266804	0.141014	0.316983	0.814321	0.258535	0.420566	0.201654	0.400144	0.754589	1	0.778864	0.250579	0.550836	0.610913	0.483117	0.0638351	0.601641	0.332707	0.52014	0.640732	0.945342	0.441709	0.640137	0.585103	0.416776	0.792458	0.293679	0.388586	0	0.520454	0.443087	0.568533	0.168922	0.366535	
PGLS	0.482443	0.460853	0.456243	0.564349	0.310334	0.433116	0.41529	0.506185	0.588629	0.304725	0.696811	0.342528	0.645563	0.550519	0.635728	0.530004	0.546293	1	0.41068	0.535459	0.357895	0.441337	0.634038	0	0.769266	0.764118	0.287975	0.592086	0.682828	0.405071	0.591702	0.348367	0.580945	0.515175	0.729082	
NOPE	0.465708	0.588157	0.534627	0.414854	0.67648	0.590833	0.455002	0.84443	0.195049	0.342255	0.0819672	0.201071	0.581131	0.129475	0.739378	0.303446	0.570759	0.272666	0.481766	0.361659	1	0	0.316828	0.866176	0.581131	0.790231	0.357645	0.295417	0.553028	0.591837	0.491134	0.271328	0.571429	0.598528	0.565741	
AFM	0.26782	0.0737536	0.118253	0.416564	0.0498558	0.386073	0.255871	0.053152	0.066337	0.254635	0.0473836	0.770911	0.227441	0.26782	0.487021	0.0453234	0.0803461	0.543469	0.412855	0.0115369	0.0358467	0.408735	0.31438	1	0	0.0473836	0.3185	0.0103008	0.229501	0.245159	0.217553	0.4178	0.20684	0.313144	0.0556242	
